0.0004882812 0.9794921875 0.9594049454 0.9397296486 0.9204578492 1.1904761905 154 471 1
0.0009765625 0.9794921875 0.9594049454 0.9397296486 0.9204578492 1.1904761905 154 569 1
0.0014648438 0.9794921875 0.9594049454 0.9397296486 0.9204578492 1.1904761905 446 569 1
0.0019531250 0.9794921875 0.9594049454 0.9397296486 0.9204578492 1.1904761905 24 446 1
0.0024414062 0.9794921875 0.9594049454 0.9397296486 0.9204578492 1.1904761905 24 275 1
0.0029296875 0.9794921875 0.9594049454 0.9397296486 0.9204578492 1.1904761905 275 341 1
0.0034179688 0.9794921875 0.9594049454 0.9397296486 0.9204578492 1.1904761905 15 92 2
0.0039062500 0.9794921875 0.9594049454 0.9397296486 0.9204578492 1.1904761905 15 636 2
0.0043945312 0.9794921875 0.9594049454 0.9397296486 0.9204578492 1.1904761905 636 645 2
0.0048828125 0.9794921875 0.9594049454 0.9397296486 0.9204578492 1.1904761905 767 867 3
0.0053710938 0.9794921875 0.9594049454 0.9397296486 0.9204578492 1.1904761905 719 867 3
0.0058593750 0.9794921875 0.9594049454 0.9397296486 0.9204578492 1.1904761905 427 719 3
0.0063476562 0.9794921875 0.9594049454 0.9397296486 0.9204578492 1.1904761905 138 427 3
0.0068359375 0.9794921875 0.9594049454 0.9397296486 0.9204578492 1.1904761905 138 709 3
0.0073242188 0.9794921875 0.9594049454 0.9397296486 0.9204578492 1.1904761905 91 347 4
0.0078125000 0.9794921875 0.9594049454 0.9397296486 0.9204578492 1.1904761905 347 598 4
0.0083007812 0.9794921875 0.9594049454 0.9397296486 0.9204578492 1.1904761905 598 791 4
0.0087890625 0.9794921875 0.9594049454 0.9397296486 0.9204578492 1.1904761905 400 791 4
0.0092773438 0.9794921875 0.9594049454 0.9397296486 0.9204578492 1.1904761905 310 400 4
0.0097656250 0.9794921875 0.9594049454 0.9397296486 0.9204578492 1.1904761905 455 759 5
0.0102539062 0.9794921875 0.9594049454 0.9397296486 0.9204578492 1.1904761905 759 762 5
0.0107421875 0.9775390625 0.9555826187 0.9341193372 0.9131381412 1.2608695652 381 762 5
0.0112304688 0.9775390625 0.9555826187 0.9341193372 0.9131381412 1.1739130435 257 660 6
0.0117187500 0.9775390625 0.9555826187 0.9341193372 0.9131381412 1.1739130435 257 847 6
0.0122070312 0.9775390625 0.9555826187 0.9341193372 0.9131381412 1.1739130435 252 847 6
0.0126953125 0.9775390625 0.9555826187 0.9341193372 0.9131381412 1.1739130435 252 996 6
0.0131835938 0.9775390625 0.9555826187 0.9341193372 0.9131381412 1.1739130435 549 996 6
0.0136718750 0.9775390625 0.9555826187 0.9341193372 0.9131381412 1.1739130435 293 534 7
0.0141601562 0.9775390625 0.9555826187 0.9341193372 0.9131381412 1.1739130435 293 668 7
0.0146484375 0.9775390625 0.9555826187 0.9341193372 0.9131381412 1.1739130435 668 927 7
0.0151367188 0.9775390625 0.9555826187 0.9341193372 0.9131381412 1.1739130435 100 927 7
0.0156250000 0.9775390625 0.9555826187 0.9341193372 0.9131381412 1.1739130435 100 347 7
0.0161132812 0.9775390625 0.9555826187 0.9341193372 0.9131381412 1.1739130435 347 605 7
0.0166015625 0.9775390625 0.9555826187 0.9341193372 0.9131381412 1.1739130435 168 188 8
0.0170898438 0.9775390625 0.9555826187 0.9341193372 0.9131381412 1.1739130435 188 192 8
0.0175781250 0.9775390625 0.9555826187 0.9341193372 0.9131381412 1.1739130435 192 563 8
0.0180664062 0.9775390625 0.9555826187 0.9341193372 0.9131381412 1.1739130435 563 964 8
0.0185546875 0.9775390625 0.9555826187 0.9341193372 0.9131381412 1.1739130435 764 964 8
0.0190429688 0.9775390625 0.9555826187 0.9341193372 0.9131381412 1.1739130435 764 909 8
0.0195312500 0.9775390625 0.9555826187 0.9341193372 0.9131381412 1.1739130435 866 909 8
0.0200195312 0.9765625000 0.9536743164 0.9313225746 0.9094947018 1.1666666667 167 210 9
0.0205078125 0.9765625000 0.9536743164 0.9313225746 0.9094947018 1.1666666667 167 228 9
0.0209960938 0.9765625000 0.9536743164 0.9313225746 0.9094947018 1.1666666667 228 492 9
0.0214843750 0.9765625000 0.9536743164 0.9313225746 0.9094947018 1.1666666667 317 492 9
0.0219726562 0.9765625000 0.9536743164 0.9313225746 0.9094947018 1.1666666667 317 814 9
0.0224609375 0.9765625000 0.9536743164 0.9313225746 0.9094947018 1.1666666667 940 945 10
0.0229492188 0.9765625000 0.9536743164 0.9313225746 0.9094947018 1.1666666667 287 940 10
0.0234375000 0.9765625000 0.9536743164 0.9313225746 0.9094947018 1.1666666667 287 495 10
0.0239257812 0.9765625000 0.9536743164 0.9313225746 0.9094947018 1.1666666667 413 495 10
0.0244140625 0.9765625000 0.9536743164 0.9313225746 0.9094947018 1.1666666667 567 931 11
0.0249023438 0.9755859375 0.9517679214 0.9285313999 0.9058621763 1.1600000000 393 931 11
0.0253906250 0.9755859375 0.9517679214 0.9285313999 0.9058621763 1.1600000000 393 691 11
0.0258789062 0.9755859375 0.9517679214 0.9285313999 0.9058621763 1.1600000000 559 691 11
0.0263671875 0.9755859375 0.9517679214 0.9285313999 0.9058621763 1.1600000000 446 559 11
0.0268554688 0.9755859375 0.9517679214 0.9285313999 0.9058621763 1.1600000000 225 446 11
0.0273437500 0.9755859375 0.9517679214 0.9285313999 0.9058621763 1.1600000000 225 410 11
0.0278320312 0.9736328125 0.9479608536 0.9229657920 0.8986297799 1.2222222222 410 848 11
0.0283203125 0.9736328125 0.9479608536 0.9229657920 0.8986297799 1.1481481481 329 650 12
0.0288085938 0.9736328125 0.9479608536 0.9229657920 0.8986297799 1.1481481481 297 329 12
0.0292968750 0.9736328125 0.9479608536 0.9229657920 0.8986297799 1.1481481481 31 297 12
0.0297851562 0.9736328125 0.9479608536 0.9229657920 0.8986297799 1.1481481481 31 416 12
0.0302734375 0.9736328125 0.9479608536 0.9229657920 0.8986297799 1.1481481481 416 549 12
0.0307617188 0.9736328125 0.9479608536 0.9229657920 0.8986297799 1.1481481481 392 549 12
0.0312500000 0.9736328125 0.9479608536 0.9229657920 0.8986297799 1.1481481481 147 230 13
0.0317382812 0.9736328125 0.9479608536 0.9229657920 0.8986297799 1.1481481481 147 760 13
0.0322265625 0.9736328125 0.9479608536 0.9229657920 0.8986297799 1.1481481481 55 760 13
0.0327148438 0.9736328125 0.9479608536 0.9229657920 0.8986297799 1.1481481481 55 74 13
0.0332031250 0.9736328125 0.9479608536 0.9229657920 0.8986297799 1.1481481481 42 570 14
0.0336914062 0.9736328125 0.9479608536 0.9229657920 0.8986297799 1.1481481481 234 570 14
0.0341796875 0.9736328125 0.9479608536 0.9229657920 0.8986297799 1.1481481481 44 234 14
0.0346679688 0.9736328125 0.9479608536 0.9229657920 0.8986297799 1.1481481481 44 784 14
0.0351562500 0.9736328125 0.9479608536 0.9229657920 0.8986297799 1.1481481481 784 941 14
0.0356445312 0.9736328125 0.9479608536 0.9229657920 0.8986297799 1.1481481481 923 941 14
0.0361328125 0.9736328125 0.9479608536 0.9229657920 0.8986297799 1.1481481481 573 943 15
0.0366210938 0.9736328125 0.9479608536 0.9229657920 0.8986297799 1.1481481481 304 573 15
0.0371093750 0.9736328125 0.9479608536 0.9229657920 0.8986297799 1.1481481481 304 406 15
0.0375976562 0.9736328125 0.9479608536 0.9229657920 0.8986297799 1.1481481481 406 523 15
0.0380859375 0.9736328125 0.9479608536 0.9229657920 0.8986297799 1.1481481481 371 523 15
0.0385742188 0.9736328125 0.9479608536 0.9229657920 0.8986297799 1.1481481481 371 776 15
0.0390625000 0.9736328125 0.9479608536 0.9229657920 0.8986297799 1.1481481481 130 632 16
0.0395507812 0.9736328125 0.9479608536 0.9229657920 0.8986297799 1.1481481481 130 733 16
0.0400390625 0.9736328125 0.9479608536 0.9229657920 0.8986297799 1.1481481481 445 733 16
0.0405273438 0.9736328125 0.9479608536 0.9229657920 0.8986297799 1.1481481481 245 445 16
0.0410156250 0.9736328125 0.9479608536 0.9229657920 0.8986297799 1.1481481481 60 637 17
0.0415039062 0.9736328125 0.9479608536 0.9229657920 0.8986297799 1.1481481481 60 150 17
0.0419921875 0.9736328125 0.9479608536 0.9229657920 0.8986297799 1.1481481481 150 503 17
0.0424804688 0.9736328125 0.9479608536 0.9229657920 0.8986297799 1.1481481481 396 503 17
0.0429687500 0.9736328125 0.9479608536 0.9229657920 0.8986297799 1.1481481481 396 752 17
0.0434570312 0.9736328125 0.9479608536 0.9229657920 0.8986297799 1.1481481481 650 752 17
0.0439453125 0.9736328125 0.9479608536 0.9229657920 0.8986297799 1.1481481481 803 841 18
0.0444335938 0.9736328125 0.9479608536 0.9229657920 0.8986297799 1.1481481481 841 997 18
0.0449218750 0.9736328125 0.9479608536 0.9229657920 0.8986297799 1.1481481481 261 997 18
0.0454101562 0.9736328125 0.9479608536 0.9229657920 0.8986297799 1.1481481481 261 543 18
0.0458984375 0.9736328125 0.9479608536 0.9229657920 0.8986297799 1.1481481481 543 784 18
0.0463867188 0.9736328125 0.9479608536 0.9229657920 0.8986297799 1.1481481481 314 330 19
0.0468750000 0.9736328125 0.9479608536 0.9229657920 0.8986297799 1.1481481481 330 651 19
0.0473632812 0.9736328125 0.9479608536 0.9229657920 0.8986297799 1.1481481481 651 952 19
0.0478515625 0.9736328125 0.9479608536 0.9229657920 0.8986297799 1.1481481481 520 705 21
0.0483398438 0.9736328125 0.9479608536 0.9229657920 0.8986297799 1.1481481481 94 705 21
0.0488281250 0.9736328125 0.9479608536 0.9229657920 0.8986297799 1.1481481481 55 94 21
0.0493164062 0.9736328125 0.9479608536 0.9229657920 0.8986297799 1.1481481481 55 72 21
0.0498046875 0.9736328125 0.9479608536 0.9229657920 0.8986297799 1.1481481481 72 113 21
0.0502929688 0.9736328125 0.9479608536 0.9229657920 0.8986297799 1.1481481481 113 984 21
0.0507812500 0.9736328125 0.9479608536 0.9229657920 0.8986297799 1.1481481481 738 984 21
0.0512695312 0.9726562500 0.9460601807 0.9201913476 0.8950298654 1.1428571429 194 688 22
0.0517578125 0.9726562500 0.9460601807 0.9201913476 0.8950298654 1.1428571429 194 618 22
0.0522460938 0.9726562500 0.9460601807 0.9201913476 0.8950298654 1.1428571429 618 639 22
0.0527343750 0.9726562500 0.9460601807 0.9201913476 0.8950298654 1.1428571429 128 639 22
0.0532226562 0.9726562500 0.9460601807 0.9201913476 0.8950298654 1.1428571429 128 744 22
0.0537109375 0.9726562500 0.9460601807 0.9201913476 0.8950298654 1.1428571429 666 744 22
0.0541992188 0.9726562500 0.9460601807 0.9201913476 0.8950298654 1.1428571429 346 911 23
0.0546875000 0.9726562500 0.9460601807 0.9201913476 0.8950298654 1.1428571429 346 464 23
0.0551757812 0.9726562500 0.9460601807 0.9201913476 0.8950298654 1.1428571429 65 464 23
0.0556640625 0.9726562500 0.9460601807 0.9201913476 0.8950298654 1.1428571429 65 538 23
0.0561523438 0.9726562500 0.9460601807 0.9201913476 0.8950298654 1.1428571429 538 927 23
0.0566406250 0.9726562500 0.9460601807 0.9201913476 0.8950298654 1.1428571429 686 907 24
0.0571289062 0.9726562500 0.9460601807 0.9201913476 0.8950298654 1.1428571429 686 878 24
0.0576171875 0.9726562500 0.9460601807 0.9201913476 0.8950298654 1.1428571429 645 878 24
0.0581054688 0.9726562500 0.9460601807 0.9201913476 0.8950298654 1.1428571429 210 645 24
0.0585937500 0.9726562500 0.9460601807 0.9201913476 0.8950298654 1.1428571429 210 550 24
0.0590820312 0.9726562500 0.9460601807 0.9201913476 0.8950298654 1.1428571429 563 973 25
0.0595703125 0.9716796875 0.9441614151 0.9174224688 0.8914407778 1.1379310345 386 563 25
0.0600585938 0.9707031250 0.9422645569 0.9146591499 0.8878624952 1.1333333333 5 386 25
0.0605468750 0.9707031250 0.9422645569 0.9146591499 0.8878624952 1.1333333333 5 692 25
0.0610351562 0.9707031250 0.9422645569 0.9146591499 0.8878624952 1.1333333333 487 692 25
0.0615234375 0.9707031250 0.9422645569 0.9146591499 0.8878624952 1.1333333333 487 688 25
0.0620117188 0.9707031250 0.9422645569 0.9146591499 0.8878624952 1.1333333333 688 788 25
0.0625000000 0.9707031250 0.9422645569 0.9146591499 0.8878624952 1.1333333333 691 788 25
0.0629882812 0.9687500000 0.9384765625 0.9091491699 0.8807382584 1.1875000000 691 906 25
0.0634765625 0.9687500000 0.9384765625 0.9091491699 0.8807382584 1.1250000000 883 967 26
0.0639648438 0.9687500000 0.9384765625 0.9091491699 0.8807382584 1.1250000000 883 893 26
0.0644531250 0.9687500000 0.9384765625 0.9091491699 0.8807382584 1.1250000000 623 893 26
0.0649414062 0.9687500000 0.9384765625 0.9091491699 0.8807382584 1.1250000000 592 623 26
0.0654296875 0.9687500000 0.9384765625 0.9091491699 0.8807382584 1.1250000000 280 592 26
0.0659179688 0.9687500000 0.9384765625 0.9091491699 0.8807382584 1.1250000000 280 1008 26
0.0664062500 0.9687500000 0.9384765625 0.9091491699 0.8807382584 1.1250000000 873 916 27
0.0668945312 0.9687500000 0.9384765625 0.9091491699 0.8807382584 1.1250000000 462 873 27
0.0673828125 0.9687500000 0.9384765625 0.9091491699 0.8807382584 1.1250000000 56 462 27
0.0678710938 0.9687500000 0.9384765625 0.9091491699 0.8807382584 1.1250000000 47 56 27
0.0683593750 0.9687500000 0.9384765625 0.9091491699 0.8807382584 1.1250000000 47 891 27
0.0688476562 0.9687500000 0.9384765625 0.9091491699 0.8807382584 1.1250000000 168 891 27
0.0693359375 0.9667968750 0.9346961975 0.9036613628 0.8736569816 1.1764705882 499 715 28
0.0698242188 0.9667968750 0.9346961975 0.9036613628 0.8736569816 1.1764705882 278 715 28
0.0703125000 0.9667968750 0.9346961975 0.9036613628 0.8736569816 1.1764705882 278 800 28
0.0708007812 0.9667968750 0.9346961975 0.9036613628 0.8736569816 1.1764705882 37 800 28
0.0712890625 0.9667968750 0.9346961975 0.9036613628 0.8736569816 1.1764705882 719 783 29
0.0717773438 0.9667968750 0.9346961975 0.9036613628 0.8736569816 1.1764705882 424 719 29
0.0722656250 0.9667968750 0.9346961975 0.9036613628 0.8736569816 1.1764705882 208 424 29
0.0727539062 0.9667968750 0.9346961975 0.9036613628 0.8736569816 1.1764705882 208 505 29
0.0732421875 0.9667968750 0.9346961975 0.9036613628 0.8736569816 1.1764705882 505 569 29
0.0737304688 0.9667968750 0.9346961975 0.9036613628 0.8736569816 1.1764705882 414 569 29
0.0742187500 0.9658203125 0.9328088760 0.9009257602 0.8701323992 1.1714285714 733 920 30
0.0747070312 0.9658203125 0.9328088760 0.9009257602 0.8701323992 1.1714285714 172 920 30
0.0751953125 0.9658203125 0.9328088760 0.9009257602 0.8701323992 1.1714285714 172 969 30
0.0756835938 0.9658203125 0.9328088760 0.9009257602 0.8701323992 1.1714285714 889 969 30
0.0761718750 0.9658203125 0.9328088760 0.9009257602 0.8701323992 1.1714285714 44 889 30
0.0766601562 0.9658203125 0.9328088760 0.9009257602 0.8701323992 1.1714285714 44 427 30
0.0771484375 0.9658203125 0.9328088760 0.9009257602 0.8701323992 1.1714285714 359 491 31
0.0776367188 0.9658203125 0.9328088760 0.9009257602 0.8701323992 1.1714285714 187 491 31
0.0781250000 0.9658203125 0.9328088760 0.9009257602 0.8701323992 1.1714285714 187 724 31
0.0786132812 0.9658203125 0.9328088760 0.9009257602 0.8701323992 1.1714285714 115 724 31
0.0791015625 0.9658203125 0.9328088760 0.9009257602 0.8701323992 1.1714285714 115 178 31
0.0795898438 0.9658203125 0.9328088760 0.9009257602 0.8701323992 1.1714285714 178 254 31
0.0800781250 0.9658203125 0.9328088760 0.9009257602 0.8701323992 1.1714285714 640 886 32
0.0805664062 0.9658203125 0.9328088760 0.9009257602 0.8701323992 1.1714285714 832 886 32
0.0810546875 0.9658203125 0.9328088760 0.9009257602 0.8701323992 1.1714285714 832 914 32
0.0815429688 0.9658203125 0.9328088760 0.9009257602 0.8701323992 1.1714285714 895 914 32
0.0820312500 0.9658203125 0.9328088760 0.9009257602 0.8701323992 1.1714285714 33 895 32
0.0825195312 0.9658203125 0.9328088760 0.9009257602 0.8701323992 1.1714285714 33 589 32
0.0830078125 0.9658203125 0.9328088760 0.9009257602 0.8701323992 1.1714285714 589 1000 32
0.0834960938 0.9648437500 0.9309234619 0.8981956840 0.8666184919 1.1666666667 291 418 33
0.0839843750 0.9648437500 0.9309234619 0.8981956840 0.8666184919 1.1666666667 418 974 33
0.0844726562 0.9648437500 0.9309234619 0.8981956840 0.8666184919 1.1666666667 715 974 33
0.0849609375 0.9648437500 0.9309234619 0.8981956840 0.8666184919 1.1666666667 715 867 33
0.0854492188 0.9648437500 0.9309234619 0.8981956840 0.8666184919 1.1666666667 224 867 33
0.0859375000 0.9648437500 0.9309234619 0.8981956840 0.8666184919 1.1666666667 382 884 34
0.0864257812 0.9648437500 0.9309234619 0.8981956840 0.8666184919 1.1666666667 96 382 34
0.0869140625 0.9648437500 0.9309234619 0.8981956840 0.8666184919 1.1666666667 96 740 34
0.0874023438 0.9648437500 0.9309234619 0.8981956840 0.8666184919 1.1666666667 50 740 34
0.0878906250 0.9648437500 0.9309234619 0.8981956840 0.8666184919 1.1666666667 50 837 34
0.0883789062 0.9648437500 0.9309234619 0.8981956840 0.8666184919 1.1666666667 498 710 35
0.0888671875 0.9648437500 0.9309234619 0.8981956840 0.8666184919 1.1666666667 320 710 35
0.0893554688 0.9648437500 0.9309234619 0.8981956840 0.8666184919 1.1666666667 320 922 35
0.0898437500 0.9648437500 0.9309234619 0.8981956840 0.8666184919 1.1666666667 181 922 35
0.0903320312 0.9648437500 0.9309234619 0.8981956840 0.8666184919 1.1666666667 181 419 35
0.0908203125 0.9648437500 0.9309234619 0.8981956840 0.8666184919 1.1666666667 419 1002 35
0.0913085938 0.9648437500 0.9309234619 0.8981956840 0.8666184919 1.1666666667 122 134 36
0.0917968750 0.9648437500 0.9309234619 0.8981956840 0.8666184919 1.1666666667 134 220 36
0.0922851562 0.9648437500 0.9309234619 0.8981956840 0.8666184919 1.1666666667 220 640 36
0.0927734375 0.9648437500 0.9309234619 0.8981956840 0.8666184919 1.1666666667 497 640 36
0.0932617188 0.9648437500 0.9309234619 0.8981956840 0.8666184919 1.1666666667 202 912 38
0.0937500000 0.9648437500 0.9309234619 0.8981956840 0.8666184919 1.1666666667 258 912 38
0.0942382812 0.9648437500 0.9309234619 0.8981956840 0.8666184919 1.1666666667 258 614 38
0.0947265625 0.9648437500 0.9309234619 0.8981956840 0.8666184919 1.1666666667 77 614 38
0.0952148438 0.9648437500 0.9309234619 0.8981956840 0.8666184919 1.1666666667 77 439 38
0.0957031250 0.9638671875 0.9290399551 0.8954711286 0.8631152382 1.1621621622 10 825 39
0.0961914062 0.9638671875 0.9290399551 0.8954711286 0.8631152382 1.1621621622 10 329 39
0.0966796875 0.9638671875 0.9290399551 0.8954711286 0.8631152382 1.1621621622 291 329 39
0.0971679688 0.9638671875 0.9290399551 0.8954711286 0.8631152382 1.1621621622 291 962 39
0.0976562500 0.9638671875 0.9290399551 0.8954711286 0.8631152382 1.1621621622 749 962 39
0.0981445312 0.9638671875 0.9290399551 0.8954711286 0.8631152382 1.1621621622 387 749 39
0.0986328125 0.9638671875 0.9290399551 0.8954711286 0.8631152382 1.1621621622 387 804 39
0.0991210938 0.9638671875 0.9290399551 0.8954711286 0.8631152382 1.1621621622 284 804 39
0.0996093750 0.9628906250 0.9271583557 0.8927520886 0.8596226166 1.1578947368 694 722 40
0.1000976562 0.9628906250 0.9271583557 0.8927520886 0.8596226166 1.1578947368 700 722 40
0.1005859375 0.9619140625 0.9252786636 0.8900385583 0.8561406054 1.1538461538 240 446 41
0.1010742188 0.9619140625 0.9252786636 0.8900385583 0.8561406054 1.1538461538 107 240 41
0.1015625000 0.9619140625 0.9252786636 0.8900385583 0.8561406054 1.1538461538 107 622 41
0.1020507812 0.9619140625 0.9252786636 0.8900385583 0.8561406054 1.1538461538 278 896 42
0.1025390625 0.9619140625 0.9252786636 0.8900385583 0.8561406054 1.1538461538 251 278 42
0.1030273438 0.9619140625 0.9252786636 0.8900385583 0.8561406054 1.1538461538 251 811 42
0.1035156250 0.9619140625 0.9252786636 0.8900385583 0.8561406054 1.1538461538 811 882 42
0.1040039062 0.9619140625 0.9252786636 0.8900385583 0.8561406054 1.1538461538 586 882 42
0.1044921875 0.9619140625 0.9252786636 0.8900385583 0.8561406054 1.1538461538 586 601 42
0.1049804688 0.9619140625 0.9252786636 0.8900385583 0.8561406054 1.1538461538 47 172 43
0.1054687500 0.9619140625 0.9252786636 0.8900385583 0.8561406054 1.1538461538 172 538 43
0.1059570312 0.9619140625 0.9252786636 0.8900385583 0.8561406054 1.1538461538 538 942 43
0.1064453125 0.9619140625 0.9252786636 0.8900385583 0.8561406054 1.1538461538 102 942 43
0.1069335938 0.9619140625 0.9252786636 0.8900385583 0.8561406054 1.1538461538 102 1002 43
0.1074218750 0.9599609375 0.9215250015 0.8846280044 0.8492083284 1.1951219512 479 671 44
0.1079101562 0.9599609375 0.9215250015 0.8846280044 0.8492083284 1.1951219512 385 479 44
0.1083984375 0.9599609375 0.9215250015 0.8846280044 0.8492083284 1.1951219512 93 385 44
0.1088867188 0.9599609375 0.9215250015 0.8846280044 0.8492083284 1.1951219512 39 93 44
0.1093750000 0.9599609375 0.9215250015 0.8846280044 0.8492083284 1.1951219512 807 964 46
0.1098632812 0.9599609375 0.9215250015 0.8846280044 0.8492083284 1.1951219512 43 807 46
0.1103515625 0.9599609375 0.9215250015 0.8846280044 0.8492083284 1.1951219512 43 262 46
0.1108398438 0.9599609375 0.9215250015 0.8846280044 0.8492083284 1.1951219512 129 262 46
0.1113281250 0.9599609375 0.9215250015 0.8846280044 0.8492083284 1.1951219512 129 670 46
0.1118164062 0.9589843750 0.9196510315 0.8819309697 0.8457580197 1.1904761905 670 957 46
0.1123046875 0.9570312500 0.9159088135 0.8765533566 0.8388889546 1.2272727273 419 957 46
0.1127929688 0.9560546875 0.9140405655 0.8738727672 0.8354701554 1.2222222222 501 953 47
0.1132812500 0.9560546875 0.9140405655 0.8738727672 0.8354701554 1.2222222222 170 953 47
0.1137695312 0.9560546875 0.9140405655 0.8738727672 0.8354701554 1.2222222222 170 243 47
0.1142578125 0.9560546875 0.9140405655 0.8738727672 0.8354701554 1.2222222222 243 891 47
0.1147460938 0.9560546875 0.9140405655 0.8738727672 0.8354701554 1.2222222222 891 1005 47
0.1152343750 0.9560546875 0.9140405655 0.8738727672 0.8354701554 1.2222222222 335 1005 47
0.1157226562 0.9560546875 0.9140405655 0.8738727672 0.8354701554 1.2222222222 891 1024 48
0.1162109375 0.9560546875 0.9140405655 0.8738727672 0.8354701554 1.2222222222 442 1024 48
0.1166992188 0.9560546875 0.9140405655 0.8738727672 0.8354701554 1.2222222222 383 442 48
0.1171875000 0.9560546875 0.9140405655 0.8738727672 0.8354701554 1.2222222222 383 592 48
0.1176757812 0.9560546875 0.9140405655 0.8738727672 0.8354701554 1.2222222222 254 592 48
0.1181640625 0.9560546875 0.9140405655 0.8738727672 0.8354701554 1.2222222222 611 949 49
0.1186523438 0.9560546875 0.9140405655 0.8738727672 0.8354701554 1.2222222222 282 949 49
0.1191406250 0.9560546875 0.9140405655 0.8738727672 0.8354701554 1.2222222222 205 282 49
0.1196289062 0.9550781250 0.9121742249 0.8711976483 0.8320618165 1.2173913043 205 598 49
0.1201171875 0.9550781250 0.9121742249 0.8711976483 0.8320618165 1.2173913043 899 1010 50
0.1206054688 0.9550781250 0.9121742249 0.8711976483 0.8320618165 1.2173913043 548 899 50
0.1210937500 0.9550781250 0.9121742249 0.8711976483 0.8320618165 1.2173913043 548 877 50
0.1215820312 0.9550781250 0.9121742249 0.8711976483 0.8320618165 1.2173913043 283 877 50
0.1220703125 0.9550781250 0.9121742249 0.8711976483 0.8320618165 1.2173913043 82 283 50
0.1225585938 0.9550781250 0.9121742249 0.8711976483 0.8320618165 1.2173913043 81 82 50
0.1230468750 0.9550781250 0.9121742249 0.8711976483 0.8320618165 1.2173913043 92 990 51
0.1235351562 0.9550781250 0.9121742249 0.8711976483 0.8320618165 1.2173913043 92 684 51
0.1240234375 0.9550781250 0.9121742249 0.8711976483 0.8320618165 1.2173913043 684 804 51
0.1245117188 0.9550781250 0.9121742249 0.8711976483 0.8320618165 1.2173913043 602 804 51
0.1250000000 0.9541015625 0.9103097916 0.8685279945 0.8286639166 1.2127659574 9 583 52
0.1254882812 0.9541015625 0.9103097916 0.8685279945 0.8286639166 1.2127659574 484 583 52
0.1259765625 0.9541015625 0.9103097916 0.8685279945 0.8286639166 1.2127659574 484 932 52
0.1264648438 0.9541015625 0.9103097916 0.8685279945 0.8286639166 1.2127659574 483 932 52
0.1269531250 0.9541015625 0.9103097916 0.8685279945 0.8286639166 1.2127659574 494 643 53
0.1274414062 0.9541015625 0.9103097916 0.8685279945 0.8286639166 1.2127659574 445 643 53
0.1279296875 0.9541015625 0.9103097916 0.8685279945 0.8286639166 1.2127659574 216 445 53
0.1284179688 0.9531250000 0.9084472656 0.8658638000 0.8252764344 1.2083333333 216 263 53
0.1289062500 0.9531250000 0.9084472656 0.8658638000 0.8252764344 1.2083333333 219 263 53
0.1293945312 0.9531250000 0.9084472656 0.8658638000 0.8252764344 1.2083333333 219 611 53
0.1298828125 0.9531250000 0.9084472656 0.8658638000 0.8252764344 1.2083333333 368 611 53
0.1303710938 0.9531250000 0.9084472656 0.8658638000 0.8252764344 1.2083333333 368 650 53
0.1308593750 0.9521484375 0.9065866470 0.8632050594 0.8218993486 1.2040816327 423 761 54
0.1313476562 0.9521484375 0.9065866470 0.8632050594 0.8218993486 1.2040816327 423 818 54
0.1318359375 0.9511718750 0.9047279358 0.8605517671 0.8185326378 1.2000000000 77 818 54
0.1323242188 0.9511718750 0.9047279358 0.8605517671 0.8185326378 1.2000000000 77 193 54
0.1328125000 0.9501953125 0.9028711319 0.8579039173 0.8151762808 1.1960784314 193 581 54
0.1333007812 0.9501953125 0.9028711319 0.8579039173 0.8151762808 1.1960784314 554 581 54
0.1337890625 0.9501953125 0.9028711319 0.8579039173 0.8151762808 1.1960784314 170 554 54
0.1342773438 0.9501953125 0.9028711319 0.8579039173 0.8151762808 1.1960784314 720 971 56
0.1347656250 0.9501953125 0.9028711319 0.8579039173 0.8151762808 1.1960784314 50 720 56
0.1352539062 0.9501953125 0.9028711319 0.8579039173 0.8151762808 1.1960784314 50 138 56
0.1357421875 0.9501953125 0.9028711319 0.8579039173 0.8151762808 1.1960784314 119 138 56
0.1362304688 0.9501953125 0.9028711319 0.8579039173 0.8151762808 1.1960784314 119 810 56
0.1367187500 0.9492187500 0.9010162354 0.8552615047 0.8118302564 1.1923076923 447 625 57
0.1372070312 0.9492187500 0.9010162354 0.8552615047 0.8118302564 1.1923076923 324 625 57
0.1376953125 0.9492187500 0.9010162354 0.8552615047 0.8118302564 1.1923076923 324 610 57
0.1381835938 0.9492187500 0.9010162354 0.8552615047 0.8118302564 1.1923076923 111 610 57
0.1386718750 0.9492187500 0.9010162354 0.8552615047 0.8118302564 1.1923076923 111 968 57
0.1391601562 0.9492187500 0.9010162354 0.8552615047 0.8118302564 1.1923076923 752 968 57
0.1396484375 0.9492187500 0.9010162354 0.8552615047 0.8118302564 1.1923076923 181 990 58
0.1401367188 0.9492187500 0.9010162354 0.8552615047 0.8118302564 1.1923076923 93 990 58
0.1406250000 0.9492187500 0.9010162354 0.8552615047 0.8118302564 1.1923076923 93 693 58
0.1411132812 0.9492187500 0.9010162354 0.8552615047 0.8118302564 1.1923076923 327 693 58
0.1416015625 0.9492187500 0.9010162354 0.8552615047 0.8118302564 1.1923076923 327 370 58
0.1420898438 0.9492187500 0.9010162354 0.8552615047 0.8118302564 1.1923076923 321 370 58
0.1425781250 0.9492187500 0.9010162354 0.8552615047 0.8118302564 1.1923076923 256 899 59
0.1430664062 0.9492187500 0.9010162354 0.8552615047 0.8118302564 1.1923076923 256 649 59
0.1435546875 0.9492187500 0.9010162354 0.8552615047 0.8118302564 1.1923076923 397 649 59
0.1440429688 0.9492187500 0.9010162354 0.8552615047 0.8118302564 1.1923076923 397 865 59
0.1445312500 0.9492187500 0.9010162354 0.8552615047 0.8118302564 1.1923076923 510 865 59
0.1450195312 0.9492187500 0.9010162354 0.8552615047 0.8118302564 1.1923076923 510 1013 59
0.1455078125 0.9492187500 0.9010162354 0.8552615047 0.8118302564 1.1923076923 643 737 60
0.1459960938 0.9492187500 0.9010162354 0.8552615047 0.8118302564 1.1923076923 643 945 60
0.1464843750 0.9492187500 0.9010162354 0.8552615047 0.8118302564 1.1923076923 467 945 60
0.1469726562 0.9492187500 0.9010162354 0.8552615047 0.8118302564 1.1923076923 467 878 60
0.1474609375 0.9482421875 0.8991632462 0.8526245235 0.8084945432 1.1886792453 247 878 60
0.1479492188 0.9482421875 0.8991632462 0.8526245235 0.8084945432 1.1886792453 389 990 61
0.1484375000 0.9482421875 0.8991632462 0.8526245235 0.8084945432 1.1886792453 389 581 61
0.1489257812 0.9453125000 0.8936157227 0.8447461128 0.7985490598 1.2857142857 581 620 61
0.1494140625 0.9453125000 0.8936157227 0.8447461128 0.7985490598 1.2857142857 181 620 61
0.1499023438 0.9453125000 0.8936157227 0.8447461128 0.7985490598 1.2857142857 181 249 61
0.1503906250 0.9453125000 0.8936157227 0.8447461128 0.7985490598 1.2857142857 249 501 61
0.1508789062 0.9453125000 0.8936157227 0.8447461128 0.7985490598 1.2857142857 278 501 61
0.1513671875 0.9453125000 0.8936157227 0.8447461128 0.7985490598 1.2857142857 399 793 62
0.1518554688 0.9453125000 0.8936157227 0.8447461128 0.7985490598 1.2857142857 6 399 62
0.1523437500 0.9453125000 0.8936157227 0.8447461128 0.7985490598 1.2857142857 6 489 62
0.1528320312 0.9453125000 0.8936157227 0.8447461128 0.7985490598 1.2857142857 455 489 62
0.1533203125 0.9453125000 0.8936157227 0.8447461128 0.7985490598 1.2857142857 73 543 63
0.1538085938 0.9453125000 0.8936157227 0.8447461128 0.7985490598 1.2857142857 27 73 63
0.1542968750 0.9443359375 0.8917703629 0.8421308016 0.7952543801 1.2807017544 27 576 63
0.1547851562 0.9443359375 0.8917703629 0.8421308016 0.7952543801 1.2807017544 487 576 63
0.1552734375 0.9443359375 0.8917703629 0.8421308016 0.7952543801 1.2807017544 487 733 63
0.1557617188 0.9443359375 0.8917703629 0.8421308016 0.7952543801 1.2807017544 733 884 63
0.1562500000 0.9443359375 0.8917703629 0.8421308016 0.7952543801 1.2807017544 326 813 64
0.1567382812 0.9443359375 0.8917703629 0.8421308016 0.7952543801 1.2807017544 133 813 64
0.1572265625 0.9443359375 0.8917703629 0.8421308016 0.7952543801 1.2807017544 133 546 64
0.1577148438 0.9443359375 0.8917703629 0.8421308016 0.7952543801 1.2807017544 527 546 64
0.1582031250 0.9443359375 0.8917703629 0.8421308016 0.7952543801 1.2807017544 205 527 64
0.1586914062 0.9443359375 0.8917703629 0.8421308016 0.7952543801 1.2807017544 205 918 64
0.1591796875 0.9443359375 0.8917703629 0.8421308016 0.7952543801 1.2807017544 27 918 64
0.1596679688 0.9443359375 0.8917703629 0.8421308016 0.7952543801 1.2807017544 142 706 65
0.1601562500 0.9443359375 0.8917703629 0.8421308016 0.7952543801 1.2807017544 332 706 65
0.1606445312 0.9443359375 0.8917703629 0.8421308016 0.7952543801 1.2807017544 19 332 65
0.1611328125 0.9443359375 0.8917703629 0.8421308016 0.7952543801 1.2807017544 19 477 65
0.1616210938 0.9443359375 0.8917703629 0.8421308016 0.7952543801 1.2807017544 5 477 65
0.1621093750 0.9443359375 0.8917703629 0.8421308016 0.7952543801 1.2807017544 482 744 66
0.1625976562 0.9443359375 0.8917703629 0.8421308016 0.7952543801 1.2807017544 482 531 66
0.1630859375 0.9443359375 0.8917703629 0.8421308016 0.7952543801 1.2807017544 531 977 66
0.1635742188 0.9443359375 0.8917703629 0.8421308016 0.7952543801 1.2807017544 977 987 66
0.1640625000 0.9433593750 0.8899269104 0.8395208940 0.7919699059 1.2758620690 864 987 66
0.1645507812 0.9433593750 0.8899269104 0.8395208940 0.7919699059 1.2758620690 90 864 66
0.1650390625 0.9433593750 0.8899269104 0.8395208940 0.7919699059 1.2758620690 325 800 67
0.1655273438 0.9433593750 0.8899269104 0.8395208940 0.7919699059 1.2758620690 325 568 67
0.1660156250 0.9433593750 0.8899269104 0.8395208940 0.7919699059 1.2758620690 416 568 67
0.1665039062 0.9433593750 0.8899269104 0.8395208940 0.7919699059 1.2758620690 416 595 67
0.1669921875 0.9433593750 0.8899269104 0.8395208940 0.7919699059 1.2758620690 109 595 67
0.1674804688 0.9433593750 0.8899269104 0.8395208940 0.7919699059 1.2758620690 109 394 67
0.1679687500 0.9433593750 0.8899269104 0.8395208940 0.7919699059 1.2758620690 112 455 68
0.1684570312 0.9433593750 0.8899269104 0.8395208940 0.7919699059 1.2758620690 455 1003 68
0.1689453125 0.9433593750 0.8899269104 0.8395208940 0.7919699059 1.2758620690 748 1003 68
0.1694335938 0.9433593750 0.8899269104 0.8395208940 0.7919699059 1.2758620690 48 748 68
0.1699218750 0.9433593750 0.8899269104 0.8395208940 0.7919699059 1.2758620690 48 552 68
0.1704101562 0.9433593750 0.8899269104 0.8395208940 0.7919699059 1.2758620690 552 585 68
0.1708984375 0.9433593750 0.8899269104 0.8395208940 0.7919699059 1.2758620690 585 809 68
0.1713867188 0.9433593750 0.8899269104 0.8395208940 0.7919699059 1.2758620690 485 614 69
0.1718750000 0.9433593750 0.8899269104 0.8395208940 0.7919699059 1.2758620690 111 614 69
0.1723632812 0.9433593750 0.8899269104 0.8395208940 0.7919699059 1.2758620690 111 960 69
0.1728515625 0.9433593750 0.8899269104 0.8395208940 0.7919699059 1.2758620690 544 960 69
0.1733398438 0.9433593750 0.8899269104 0.8395208940 0.7919699059 1.2758620690 544 688 69
0.1738281250 0.9433593750 0.8899269104 0.8395208940 0.7919699059 1.2758620690 688 777 69
0.1743164062 0.9433593750 0.8899269104 0.8395208940 0.7919699059 1.2758620690 711 777 69
0.1748046875 0.9433593750 0.8899269104 0.8395208940 0.7919699059 1.2758620690 64 680 70
0.1752929688 0.9433593750 0.8899269104 0.8395208940 0.7919699059 1.2758620690 64 966 70
0.1757812500 0.9433593750 0.8899269104 0.8395208940 0.7919699059 1.2758620690 694 966 70
0.1762695312 0.9433593750 0.8899269104 0.8395208940 0.7919699059 1.2758620690 531 694 70
0.1767578125 0.9433593750 0.8899269104 0.8395208940 0.7919699059 1.2758620690 478 558 71
0.1772460938 0.9433593750 0.8899269104 0.8395208940 0.7919699059 1.2758620690 226 478 71
0.1777343750 0.9433593750 0.8899269104 0.8395208940 0.7919699059 1.2758620690 226 262 71
0.1782226562 0.9433593750 0.8899269104 0.8395208940 0.7919699059 1.2758620690 262 547 71
0.1787109375 0.9433593750 0.8899269104 0.8395208940 0.7919699059 1.2758620690 547 791 71
0.1791992188 0.9433593750 0.8899269104 0.8395208940 0.7919699059 1.2758620690 105 123 72
0.1796875000 0.9433593750 0.8899269104 0.8395208940 0.7919699059 1.2758620690 105 948 72
0.1801757812 0.9433593750 0.8899269104 0.8395208940 0.7919699059 1.2758620690 948 996 72
0.1806640625 0.9433593750 0.8899269104 0.8395208940 0.7919699059 1.2758620690 64 996 72
0.1811523438 0.9433593750 0.8899269104 0.8395208940 0.7919699059 1.2758620690 64 673 72
0.1816406250 0.9433593750 0.8899269104 0.8395208940 0.7919699059 1.2758620690 297 673 72
0.1821289062 0.9433593750 0.8899269104 0.8395208940 0.7919699059 1.2758620690 689 725 73
0.1826171875 0.9433593750 0.8899269104 0.8395208940 0.7919699059 1.2758620690 505 725 73
0.1831054688 0.9433593750 0.8899269104 0.8395208940 0.7919699059 1.2758620690 505 697 73
0.1835937500 0.9433593750 0.8899269104 0.8395208940 0.7919699059 1.2758620690 546 697 73
0.1840820312 0.9433593750 0.8899269104 0.8395208940 0.7919699059 1.2758620690 546 867 73
0.1845703125 0.9433593750 0.8899269104 0.8395208940 0.7919699059 1.2758620690 509 867 73
0.1850585938 0.9433593750 0.8899269104 0.8395208940 0.7919699059 1.2758620690 193 1019 77
0.1855468750 0.9433593750 0.8899269104 0.8395208940 0.7919699059 1.2758620690 663 1019 77
0.1860351562 0.9433593750 0.8899269104 0.8395208940 0.7919699059 1.2758620690 663 712 77
0.1865234375 0.9433593750 0.8899269104 0.8395208940 0.7919699059 1.2758620690 712 863 77
0.1870117188 0.9433593750 0.8899269104 0.8395208940 0.7919699059 1.2758620690 863 986 77
0.1875000000 0.9433593750 0.8899269104 0.8395208940 0.7919699059 1.2758620690 5 986 77
0.1879882812 0.9423828125 0.8880853653 0.8369163843 0.7886956161 1.2711864407 29 413 78
0.1884765625 0.9423828125 0.8880853653 0.8369163843 0.7886956161 1.2711864407 29 543 78
0.1889648438 0.9423828125 0.8880853653 0.8369163843 0.7886956161 1.2711864407 314 543 78
0.1894531250 0.9423828125 0.8880853653 0.8369163843 0.7886956161 1.2711864407 314 385 78
0.1899414062 0.9423828125 0.8880853653 0.8369163843 0.7886956161 1.2711864407 385 623 78
0.1904296875 0.9423828125 0.8880853653 0.8369163843 0.7886956161 1.2711864407 318 886 79
0.1909179688 0.9423828125 0.8880853653 0.8369163843 0.7886956161 1.2711864407 238 886 79
0.1914062500 0.9423828125 0.8880853653 0.8369163843 0.7886956161 1.2711864407 238 996 79
0.1918945312 0.9423828125 0.8880853653 0.8369163843 0.7886956161 1.2711864407 312 996 79
0.1923828125 0.9423828125 0.8880853653 0.8369163843 0.7886956161 1.2711864407 312 322 79
0.1928710938 0.9423828125 0.8880853653 0.8369163843 0.7886956161 1.2711864407 322 695 79
0.1933593750 0.9414062500 0.8862457275 0.8343172669 0.7854314896 1.2666666667 94 1012 80
0.1938476562 0.9414062500 0.8862457275 0.8343172669 0.7854314896 1.2666666667 9 94 80
0.1943359375 0.9414062500 0.8862457275 0.8343172669 0.7854314896 1.2666666667 9 57 80
0.1948242188 0.9414062500 0.8862457275 0.8343172669 0.7854314896 1.2666666667 57 954 80
0.1953125000 0.9404296875 0.8844079971 0.8317235364 0.7821775054 1.2622950820 897 954 80
0.1958007812 0.9404296875 0.8844079971 0.8317235364 0.7821775054 1.2622950820 897 957 80
0.1962890625 0.9404296875 0.8844079971 0.8317235364 0.7821775054 1.2622950820 890 957 80
0.1967773438 0.9375000000 0.8789062500 0.8239746094 0.7724761963 1.3437500000 561 890 80
0.1972656250 0.9375000000 0.8789062500 0.8239746094 0.7724761963 1.2812500000 561 948 80
0.1977539062 0.9375000000 0.8789062500 0.8239746094 0.7724761963 1.2500000000 142 197 81
0.1982421875 0.9375000000 0.8789062500 0.8239746094 0.7724761963 1.2500000000 197 581 81
0.1987304688 0.9375000000 0.8789062500 0.8239746094 0.7724761963 1.2500000000 581 628 81
0.1992187500 0.9375000000 0.8789062500 0.8239746094 0.7724761963 1.2500000000 522 628 81
0.1997070312 0.9365234375 0.8770761490 0.8214023700 0.7692625711 1.2461538462 110 522 81
0.2001953125 0.9365234375 0.8770761490 0.8214023700 0.7692625711 1.2461538462 110 621 81
0.2006835938 0.9365234375 0.8770761490 0.8214023700 0.7692625711 1.2461538462 331 621 81
0.2011718750 0.9345703125 0.8734216690 0.8162739621 0.7628654119 1.2686567164 203 331 81
0.2016601562 0.9335937500 0.8715972900 0.8137177825 0.7596818360 1.2647058824 525 938 82
0.2021484375 0.9335937500 0.8715972900 0.8137177825 0.7596818360 1.2647058824 296 525 82
0.2026367188 0.9335937500 0.8715972900 0.8137177825 0.7596818360 1.2647058824 296 831 82
0.2031250000 0.9335937500 0.8715972900 0.8137177825 0.7596818360 1.2647058824 397 831 82
0.2036132812 0.9335937500 0.8715972900 0.8137177825 0.7596818360 1.2647058824 86 397 82
0.2041015625 0.9335937500 0.8715972900 0.8137177825 0.7596818360 1.2647058824 86 272 82
0.2045898438 0.9335937500 0.8715972900 0.8137177825 0.7596818360 1.2647058824 272 876 82
0.2050781250 0.9335937500 0.8715972900 0.8137177825 0.7596818360 1.2647058824 512 876 82
0.2055664062 0.9316406250 0.8679542542 0.8086214438 0.7533445873 1.2857142857 512 517 82
0.2060546875 0.9316406250 0.8679542542 0.8086214438 0.7533445873 1.2571428571 329 713 83
0.2065429688 0.9316406250 0.8679542542 0.8086214438 0.7533445873 1.2571428571 316 329 83
0.2070312500 0.9316406250 0.8679542542 0.8086214438 0.7533445873 1.2571428571 128 316 83
0.2075195312 0.9316406250 0.8679542542 0.8086214438 0.7533445873 1.2571428571 67 128 83
0.2080078125 0.9316406250 0.8679542542 0.8086214438 0.7533445873 1.2571428571 67 965 83
0.2084960938 0.9316406250 0.8679542542 0.8086214438 0.7533445873 1.2571428571 616 965 83
0.2089843750 0.9316406250 0.8679542542 0.8086214438 0.7533445873 1.2571428571 243 778 84
0.2094726562 0.9316406250 0.8679542542 0.8086214438 0.7533445873 1.2571428571 243 712 84
0.2099609375 0.9316406250 0.8679542542 0.8086214438 0.7533445873 1.2571428571 712 935 84
0.2104492188 0.9306640625 0.8661355972 0.8060812736 0.7501908728 1.2535211268 935 1007 84
0.2109375000 0.9306640625 0.8661355972 0.8060812736 0.7501908728 1.2535211268 753 1007 84
0.2114257812 0.9306640625 0.8661355972 0.8060812736 0.7501908728 1.2535211268 118 753 84
0.2119140625 0.9306640625 0.8661355972 0.8060812736 0.7501908728 1.2535211268 798 990 86
0.2124023438 0.9306640625 0.8661355972 0.8060812736 0.7501908728 1.2535211268 42 798 86
0.2128906250 0.9306640625 0.8661355972 0.8060812736 0.7501908728 1.2535211268 42 704 86
0.2133789062 0.9306640625 0.8661355972 0.8060812736 0.7501908728 1.2535211268 124 704 86
0.2138671875 0.9306640625 0.8661355972 0.8060812736 0.7501908728 1.2535211268 124 130 86
0.2143554688 0.9306640625 0.8661355972 0.8060812736 0.7501908728 1.2535211268 130 204 86
0.2148437500 0.9306640625 0.8661355972 0.8060812736 0.7501908728 1.2535211268 120 618 87
0.2153320312 0.9306640625 0.8661355972 0.8060812736 0.7501908728 1.2535211268 120 522 87
0.2158203125 0.9306640625 0.8661355972 0.8060812736 0.7501908728 1.2535211268 522 560 87
0.2163085938 0.9306640625 0.8661355972 0.8060812736 0.7501908728 1.2535211268 560 685 87
0.2167968750 0.9306640625 0.8661355972 0.8060812736 0.7501908728 1.2535211268 80 685 87
0.2172851562 0.9306640625 0.8661355972 0.8060812736 0.7501908728 1.2535211268 80 334 87
0.2177734375 0.9306640625 0.8661355972 0.8060812736 0.7501908728 1.2535211268 334 491 87
0.2182617188 0.9306640625 0.8661355972 0.8060812736 0.7501908728 1.2535211268 344 850 88
0.2187500000 0.9306640625 0.8661355972 0.8060812736 0.7501908728 1.2535211268 429 850 88
0.2192382812 0.9306640625 0.8661355972 0.8060812736 0.7501908728 1.2535211268 328 429 88
0.2197265625 0.9306640625 0.8661355972 0.8060812736 0.7501908728 1.2535211268 328 961 88
0.2202148438 0.9306640625 0.8661355972 0.8060812736 0.7501908728 1.2535211268 904 961 88
0.2207031250 0.9306640625 0.8661355972 0.8060812736 0.7501908728 1.2535211268 107 904 88
0.2211914062 0.9306640625 0.8661355972 0.8060812736 0.7501908728 1.2535211268 91 107 88
0.2216796875 0.9306640625 0.8661355972 0.8060812736 0.7501908728 1.2535211268 91 110 88
0.2221679688 0.9296875000 0.8643188477 0.8035464287 0.7470470704 1.2500000000 262 932 89
0.2226562500 0.9296875000 0.8643188477 0.8035464287 0.7470470704 1.2500000000 417 932 89
0.2231445312 0.9296875000 0.8643188477 0.8035464287 0.7470470704 1.2500000000 417 482 89
0.2236328125 0.9296875000 0.8643188477 0.8035464287 0.7470470704 1.2500000000 482 680 89
0.2241210938 0.9296875000 0.8643188477 0.8035464287 0.7470470704 1.2500000000 386 680 89
0.2246093750 0.9296875000 0.8643188477 0.8035464287 0.7470470704 1.2500000000 453 937 91
0.2250976562 0.9296875000 0.8643188477 0.8035464287 0.7470470704 1.2500000000 227 453 91
0.2255859375 0.9296875000 0.8643188477 0.8035464287 0.7470470704 1.2500000000 6 227 91
0.2260742188 0.9296875000 0.8643188477 0.8035464287 0.7470470704 1.2500000000 6 527 91
0.2265625000 0.9296875000 0.8643188477 0.8035464287 0.7470470704 1.2500000000 107 527 91
0.2270507812 0.9287109375 0.8625040054 0.8010169035 0.7439131594 1.2465753425 11 107 91
0.2275390625 0.9287109375 0.8625040054 0.8010169035 0.7439131594 1.2465753425 95 435 92
0.2280273438 0.9287109375 0.8625040054 0.8010169035 0.7439131594 1.2465753425 95 240 92
0.2285156250 0.9287109375 0.8625040054 0.8010169035 0.7439131594 1.2465753425 240 927 92
0.2290039062 0.9287109375 0.8625040054 0.8010169035 0.7439131594 1.2465753425 867 927 92
0.2294921875 0.9287109375 0.8625040054 0.8010169035 0.7439131594 1.2465753425 792 867 92
0.2299804688 0.9287109375 0.8625040054 0.8010169035 0.7439131594 1.2465753425 572 792 92
0.2304687500 0.9287109375 0.8625040054 0.8010169035 0.7439131594 1.2465753425 26 572 92
0.2309570312 0.9287109375 0.8625040054 0.8010169035 0.7439131594 1.2465753425 55 1022 93
0.2314453125 0.9287109375 0.8625040054 0.8010169035 0.7439131594 1.2465753425 55 818 93
0.2319335938 0.9287109375 0.8625040054 0.8010169035 0.7439131594 1.2465753425 303 818 93
0.2324218750 0.9287109375 0.8625040054 0.8010169035 0.7439131594 1.2465753425 65 303 93
0.2329101562 0.9287109375 0.8625040054 0.8010169035 0.7439131594 1.2465753425 65 103 93
0.2333984375 0.9287109375 0.8625040054 0.8010169035 0.7439131594 1.2465753425 103 241 93
0.2338867188 0.9287109375 0.8625040054 0.8010169035 0.7439131594 1.2465753425 246 725 94
0.2343750000 0.9287109375 0.8625040054 0.8010169035 0.7439131594 1.2465753425 220 725 94
0.2348632812 0.9287109375 0.8625040054 0.8010169035 0.7439131594 1.2465753425 220 659 94
0.2353515625 0.9287109375 0.8625040054 0.8010169035 0.7439131594 1.2465753425 482 659 94
0.2358398438 0.9287109375 0.8625040054 0.8010169035 0.7439131594 1.2465753425 376 482 94
0.2363281250 0.9287109375 0.8625040054 0.8010169035 0.7439131594 1.2465753425 62 376 94
0.2368164062 0.9287109375 0.8625040054 0.8010169035 0.7439131594 1.2465753425 62 97 94
0.2373046875 0.9267578125 0.8588800430 0.7959737899 0.7376749283 1.2666666667 97 343 94
0.2377929688 0.9267578125 0.8588800430 0.7959737899 0.7376749283 1.2400000000 102 473 95
0.2382812500 0.9257812500 0.8570709229 0.7934601903 0.7345705668 1.2368421053 473 860 95
0.2387695312 0.9257812500 0.8570709229 0.7934601903 0.7345705668 1.2368421053 122 860 95
0.2392578125 0.9257812500 0.8570709229 0.7934601903 0.7345705668 1.2368421053 122 325 95
0.2397460938 0.9257812500 0.8570709229 0.7934601903 0.7345705668 1.2368421053 165 325 95
0.2402343750 0.9257812500 0.8570709229 0.7934601903 0.7345705668 1.2368421053 165 679 95
0.2407226562 0.9257812500 0.8570709229 0.7934601903 0.7345705668 1.2368421053 679 747 95
0.2412109375 0.9257812500 0.8570709229 0.7934601903 0.7345705668 1.2368421053 747 1007 95
0.2416992188 0.9248046875 0.8552637100 0.7909518881 0.7314760137 1.2337662338 171 911 96
0.2421875000 0.9248046875 0.8552637100 0.7909518881 0.7314760137 1.2337662338 162 171 96
0.2426757812 0.9248046875 0.8552637100 0.7909518881 0.7314760137 1.2337662338 162 877 96
0.2431640625 0.9248046875 0.8552637100 0.7909518881 0.7314760137 1.2337662338 56 877 96
0.2436523438 0.9248046875 0.8552637100 0.7909518881 0.7314760137 1.2337662338 56 933 96
0.2441406250 0.9248046875 0.8552637100 0.7909518881 0.7314760137 1.2337662338 320 808 97
0.2446289062 0.9248046875 0.8552637100 0.7909518881 0.7314760137 1.2337662338 503 808 97
0.2451171875 0.9248046875 0.8552637100 0.7909518881 0.7314760137 1.2337662338 402 503 97
0.2456054688 0.9248046875 0.8552637100 0.7909518881 0.7314760137 1.2337662338 402 407 97
0.2460937500 0.9248046875 0.8552637100 0.7909518881 0.7314760137 1.2337662338 407 969 97
0.2465820312 0.9248046875 0.8552637100 0.7909518881 0.7314760137 1.2337662338 376 969 97
0.2470703125 0.9248046875 0.8552637100 0.7909518881 0.7314760137 1.2337662338 376 399 97
0.2475585938 0.9248046875 0.8552637100 0.7909518881 0.7314760137 1.2337662338 309 806 98
0.2480468750 0.9248046875 0.8552637100 0.7909518881 0.7314760137 1.2337662338 309 823 98
0.2485351562 0.9248046875 0.8552637100 0.7909518881 0.7314760137 1.2337662338 55 823 98
0.2490234375 0.9248046875 0.8552637100 0.7909518881 0.7314760137 1.2337662338 55 197 98
0.2495117188 0.9248046875 0.8552637100 0.7909518881 0.7314760137 1.2337662338 197 717 98
0.2500000000 0.9248046875 0.8552637100 0.7909518881 0.7314760137 1.2337662338 25 187 100
0.2504882812 0.9248046875 0.8552637100 0.7909518881 0.7314760137 1.2337662338 187 671 100
0.2509765625 0.9238281250 0.8534584045 0.7884488776 0.7283912483 1.2307692308 336 671 100
0.2514648438 0.9238281250 0.8534584045 0.7884488776 0.7283912483 1.2307692308 336 584 100
0.2519531250 0.9238281250 0.8534584045 0.7884488776 0.7283912483 1.2307692308 584 877 100
0.2524414062 0.9238281250 0.8534584045 0.7884488776 0.7283912483 1.2307692308 87 877 100
0.2529296875 0.9228515625 0.8516550064 0.7859511534 0.7253162499 1.2278481013 317 845 102
0.2534179688 0.9228515625 0.8516550064 0.7859511534 0.7253162499 1.2278481013 585 845 102
0.2539062500 0.9228515625 0.8516550064 0.7859511534 0.7253162499 1.2278481013 585 865 102
0.2543945312 0.9228515625 0.8516550064 0.7859511534 0.7253162499 1.2278481013 769 865 102
0.2548828125 0.9228515625 0.8516550064 0.7859511534 0.7253162499 1.2278481013 769 786 102
0.2553710938 0.9228515625 0.8516550064 0.7859511534 0.7253162499 1.2278481013 786 889 102
0.2558593750 0.9228515625 0.8516550064 0.7859511534 0.7253162499 1.2278481013 30 790 103
0.2563476562 0.9228515625 0.8516550064 0.7859511534 0.7253162499 1.2278481013 479 790 103
0.2568359375 0.9228515625 0.8516550064 0.7859511534 0.7253162499 1.2278481013 479 704 103
0.2573242188 0.9228515625 0.8516550064 0.7859511534 0.7253162499 1.2278481013 704 834 103
0.2578125000 0.9228515625 0.8516550064 0.7859511534 0.7253162499 1.2278481013 448 834 103
0.2583007812 0.9228515625 0.8516550064 0.7859511534 0.7253162499 1.2278481013 321 448 103
0.2587890625 0.9218750000 0.8498535156 0.7834587097 0.7222509980 1.2250000000 425 729 104
0.2592773438 0.9218750000 0.8498535156 0.7834587097 0.7222509980 1.2250000000 311 729 104
0.2597656250 0.9218750000 0.8498535156 0.7834587097 0.7222509980 1.2250000000 311 608 104
0.2602539062 0.9218750000 0.8498535156 0.7834587097 0.7222509980 1.2250000000 608 795 104
0.2607421875 0.9218750000 0.8498535156 0.7834587097 0.7222509980 1.2250000000 263 795 104
0.2612304688 0.9218750000 0.8498535156 0.7834587097 0.7222509980 1.2250000000 67 739 105
0.2617187500 0.9218750000 0.8498535156 0.7834587097 0.7222509980 1.2250000000 67 454 105
0.2622070312 0.9218750000 0.8498535156 0.7834587097 0.7222509980 1.2250000000 454 672 105
0.2626953125 0.9218750000 0.8498535156 0.7834587097 0.7222509980 1.2250000000 672 905 105
0.2631835938 0.9218750000 0.8498535156 0.7834587097 0.7222509980 1.2250000000 328 905 105
0.2636718750 0.9218750000 0.8498535156 0.7834587097 0.7222509980 1.2250000000 506 769 106
0.2641601562 0.9218750000 0.8498535156 0.7834587097 0.7222509980 1.2250000000 651 769 106
0.2646484375 0.9218750000 0.8498535156 0.7834587097 0.7222509980 1.2250000000 651 673 106
0.2651367188 0.9189453125 0.8444604874 0.7760130065 0.7131135147 1.2891566265 673 910 106
0.2656250000 0.9189453125 0.8444604874 0.7760130065 0.7131135147 1.2891566265 818 910 106
0.2661132812 0.9189453125 0.8444604874 0.7760130065 0.7131135147 1.2891566265 453 818 106
0.2666015625 0.9189453125 0.8444604874 0.7760130065 0.7131135147 1.2891566265 285 453 106
0.2670898438 0.9179687500 0.8426666260 0.7735416293 0.7100870425 1.2857142857 511 647 107
0.2675781250 0.9179687500 0.8426666260 0.7735416293 0.7100870425 1.2857142857 478 511 107
0.2680664062 0.9179687500 0.8426666260 0.7735416293 0.7100870425 1.2857142857 478 639 107
0.2685546875 0.9179687500 0.8426666260 0.7735416293 0.7100870425 1.2857142857 639 883 107
0.2690429688 0.9179687500 0.8426666260 0.7735416293 0.7100870425 1.2857142857 883 914 107
0.2695312500 0.9179687500 0.8426666260 0.7735416293 0.7100870425 1.2857142857 498 914 107
0.2700195312 0.9160156250 0.8390846252 0.7686146274 0.7040630083 1.3023255814 498 927 107
0.2705078125 0.9160156250 0.8390846252 0.7686146274 0.7040630083 1.2790697674 659 868 108
0.2709960938 0.9160156250 0.8390846252 0.7686146274 0.7040630083 1.2790697674 744 868 108
0.2714843750 0.9160156250 0.8390846252 0.7686146274 0.7040630083 1.2790697674 215 744 108
0.2719726562 0.9160156250 0.8390846252 0.7686146274 0.7040630083 1.2790697674 215 566 108
0.2724609375 0.9160156250 0.8390846252 0.7686146274 0.7040630083 1.2790697674 81 566 108
0.2729492188 0.9160156250 0.8390846252 0.7686146274 0.7040630083 1.2790697674 317 497 109
0.2734375000 0.9160156250 0.8390846252 0.7686146274 0.7040630083 1.2790697674 148 497 109
0.2739257812 0.9150390625 0.8372964859 0.7661589915 0.7010654053 1.2758620690 148 178 109
0.2744140625 0.9150390625 0.8372964859 0.7661589915 0.7010654053 1.2758620690 178 795 109
0.2749023438 0.9140625000 0.8355102539 0.7637085915 0.6980773844 1.2727272727 269 795 109
0.2753906250 0.9140625000 0.8355102539 0.7637085915 0.6980773844 1.2727272727 186 269 109
0.2758789062 0.9140625000 0.8355102539 0.7637085915 0.6980773844 1.2727272727 186 823 109
0.2763671875 0.9140625000 0.8355102539 0.7637085915 0.6980773844 1.2727272727 258 823 109
0.2768554688 0.9140625000 0.8355102539 0.7637085915 0.6980773844 1.2727272727 258 936 109
0.2773437500 0.9130859375 0.8337259293 0.7612634217 0.6950989251 1.2696629213 854 856 110
0.2778320312 0.9130859375 0.8337259293 0.7612634217 0.6950989251 1.2696629213 838 856 110
0.2783203125 0.9130859375 0.8337259293 0.7612634217 0.6950989251 1.2696629213 468 838 110
0.2788085938 0.9130859375 0.8337259293 0.7612634217 0.6950989251 1.2696629213 468 1016 110
0.2792968750 0.9130859375 0.8337259293 0.7612634217 0.6950989251 1.2696629213 909 1016 110
0.2797851562 0.9121093750 0.8319435120 0.7588234767 0.6921300071 1.2666666667 521 909 110
0.2802734375 0.9121093750 0.8319435120 0.7588234767 0.6921300071 1.2666666667 521 1019 110
0.2807617188 0.9121093750 0.8319435120 0.7588234767 0.6921300071 1.2666666667 25 919 111
0.2812500000 0.9101562500 0.8283843994 0.7539592385 0.6862207132 1.2826086957 919 964 111
0.2817382812 0.9091796875 0.8266077042 0.7515349342 0.6832802966 1.2795698925 131 964 111
0.2822265625 0.9091796875 0.8266077042 0.7515349342 0.6832802966 1.2795698925 131 458 111
0.2827148438 0.9091796875 0.8266077042 0.7515349342 0.6832802966 1.2795698925 378 458 111
0.2832031250 0.9091796875 0.8266077042 0.7515349342 0.6832802966 1.2795698925 378 660 111
0.2836914062 0.9091796875 0.8266077042 0.7515349342 0.6832802966 1.2795698925 516 660 111
0.2841796875 0.9091796875 0.8266077042 0.7515349342 0.6832802966 1.2795698925 195 516 111
0.2846679688 0.9091796875 0.8266077042 0.7515349342 0.6832802966 1.2795698925 92 440 113
0.2851562500 0.9091796875 0.8266077042 0.7515349342 0.6832802966 1.2795698925 327 440 113
0.2856445312 0.9091796875 0.8266077042 0.7515349342 0.6832802966 1.2795698925 189 327 113
0.2861328125 0.9091796875 0.8266077042 0.7515349342 0.6832802966 1.2795698925 14 189 113
0.2866210938 0.9091796875 0.8266077042 0.7515349342 0.6832802966 1.2795698925 14 194 113
0.2871093750 0.9091796875 0.8266077042 0.7515349342 0.6832802966 1.2795698925 622 855 115
0.2875976562 0.9091796875 0.8266077042 0.7515349342 0.6832802966 1.2795698925 855 1018 115
0.2880859375 0.9091796875 0.8266077042 0.7515349342 0.6832802966 1.2795698925 761 1018 115
0.2885742188 0.9091796875 0.8266077042 0.7515349342 0.6832802966 1.2795698925 761 946 115
0.2890625000 0.9091796875 0.8266077042 0.7515349342 0.6832802966 1.2795698925 212 946 115
0.2895507812 0.9091796875 0.8266077042 0.7515349342 0.6832802966 1.2795698925 212 421 115
0.2900390625 0.9091796875 0.8266077042 0.7515349342 0.6832802966 1.2795698925 421 660 115
0.2905273438 0.9072265625 0.8230600357 0.7467019269 0.6774278224 1.2947368421 660 781 115
0.2910156250 0.9072265625 0.8230600357 0.7467019269 0.6774278224 1.2736842105 28 523 116
0.2915039062 0.9072265625 0.8230600357 0.7467019269 0.6774278224 1.2736842105 523 800 116
0.2919921875 0.9072265625 0.8230600357 0.7467019269 0.6774278224 1.2736842105 800 911 116
0.2924804688 0.9072265625 0.8230600357 0.7467019269 0.6774278224 1.2736842105 225 911 116
0.2929687500 0.9072265625 0.8230600357 0.7467019269 0.6774278224 1.2736842105 225 782 116
0.2934570312 0.9072265625 0.8230600357 0.7467019269 0.6774278224 1.2736842105 377 782 116
0.2939453125 0.9072265625 0.8230600357 0.7467019269 0.6774278224 1.2736842105 546 807 118
0.2944335938 0.9052734375 0.8195199966 0.7418896845 0.6716130249 1.2886597938 782 807 118
0.2949218750 0.9052734375 0.8195199966 0.7418896845 0.6716130249 1.2886597938 48 782 118
0.2954101562 0.9052734375 0.8195199966 0.7418896845 0.6716130249 1.2886597938 48 801 118
0.2958984375 0.9052734375 0.8195199966 0.7418896845 0.6716130249 1.2886597938 675 801 118
0.2963867188 0.9052734375 0.8195199966 0.7418896845 0.6716130249 1.2886597938 409 675 118
0.2968750000 0.9052734375 0.8195199966 0.7418896845 0.6716130249 1.2886597938 409 932 118
0.2973632812 0.9052734375 0.8195199966 0.7418896845 0.6716130249 1.2886597938 449 932 118
0.2978515625 0.9052734375 0.8195199966 0.7418896845 0.6716130249 1.2886597938 449 579 118
0.2983398438 0.9023437500 0.8142242432 0.7347101569 0.6629611182 1.3400000000 368 579 118
0.2988281250 0.9023437500 0.8142242432 0.7347101569 0.6629611182 1.3000000000 368 408 118
0.2993164062 0.9023437500 0.8142242432 0.7347101569 0.6629611182 1.2800000000 433 472 119
0.2998046875 0.9023437500 0.8142242432 0.7347101569 0.6629611182 1.2800000000 371 433 119
0.3002929688 0.9023437500 0.8142242432 0.7347101569 0.6629611182 1.2800000000 371 422 119
0.3007812500 0.9023437500 0.8142242432 0.7347101569 0.6629611182 1.2800000000 184 422 119
0.3012695312 0.9023437500 0.8142242432 0.7347101569 0.6629611182 1.2800000000 184 518 119
0.3017578125 0.9023437500 0.8142242432 0.7347101569 0.6629611182 1.2800000000 469 518 119
0.3022460938 0.9013671875 0.8124628067 0.7323273150 0.6600958123 1.2772277228 48 469 119
0.3027343750 0.9013671875 0.8124628067 0.7323273150 0.6600958123 1.2772277228 48 928 119
0.3032226562 0.9013671875 0.8124628067 0.7323273150 0.6600958123 1.2772277228 10 714 121
0.3037109375 0.9003906250 0.8107032776 0.7299496308 0.6572398043 1.2745098039 163 714 121
0.3041992188 0.9003906250 0.8107032776 0.7299496308 0.6572398043 1.2745098039 163 286 121
0.3046875000 0.9003906250 0.8107032776 0.7299496308 0.6572398043 1.2745098039 286 294 121
0.3051757812 0.9003906250 0.8107032776 0.7299496308 0.6572398043 1.2745098039 294 491 121
0.3056640625 0.8994140625 0.8089456558 0.7275770986 0.6543930741 1.2718446602 40 223 122
0.3061523438 0.8994140625 0.8089456558 0.7275770986 0.6543930741 1.2718446602 223 303 122
0.3066406250 0.8994140625 0.8089456558 0.7275770986 0.6543930741 1.2718446602 303 1023 122
0.3071289062 0.8994140625 0.8089456558 0.7275770986 0.6543930741 1.2718446602 93 1023 122
0.3076171875 0.8994140625 0.8089456558 0.7275770986 0.6543930741 1.2718446602 93 730 122
0.3081054688 0.8994140625 0.8089456558 0.7275770986 0.6543930741 1.2718446602 92 730 122
0.3085937500 0.8994140625 0.8089456558 0.7275770986 0.6543930741 1.2718446602 92 255 122
0.3090820312 0.8994140625 0.8089456558 0.7275770986 0.6543930741 1.2718446602 200 785 123
0.3095703125 0.8994140625 0.8089456558 0.7275770986 0.6543930741 1.2718446602 138 785 123
0.3100585938 0.8994140625 0.8089456558 0.7275770986 0.6543930741 1.2718446602 138 1012 123
0.3105468750 0.8994140625 0.8089456558 0.7275770986 0.6543930741 1.2718446602 244 1012 123
0.3110351562 0.8994140625 0.8089456558 0.7275770986 0.6543930741 1.2718446602 244 943 123
0.3115234375 0.8994140625 0.8089456558 0.7275770986 0.6543930741 1.2718446602 556 999 125
0.3120117188 0.8994140625 0.8089456558 0.7275770986 0.6543930741 1.2718446602 240 556 125
0.3125000000 0.8994140625 0.8089456558 0.7275770986 0.6543930741 1.2718446602 240 633 125
0.3129882812 0.8994140625 0.8089456558 0.7275770986 0.6543930741 1.2718446602 72 633 125
0.3134765625 0.8994140625 0.8089456558 0.7275770986 0.6543930741 1.2718446602 72 163 125
0.3139648438 0.8994140625 0.8089456558 0.7275770986 0.6543930741 1.2718446602 163 958 125
0.3144531250 0.8994140625 0.8089456558 0.7275770986 0.6543930741 1.2718446602 492 755 126
0.3149414062 0.8994140625 0.8089456558 0.7275770986 0.6543930741 1.2718446602 205 755 126
0.3154296875 0.8994140625 0.8089456558 0.7275770986 0.6543930741 1.2718446602 205 844 126
0.3159179688 0.8994140625 0.8089456558 0.7275770986 0.6543930741 1.2718446602 39 844 126
0.3164062500 0.8994140625 0.8089456558 0.7275770986 0.6543930741 1.2718446602 39 634 126
0.3168945312 0.8994140625 0.8089456558 0.7275770986 0.6543930741 1.2718446602 634 784 126
0.3173828125 0.8974609375 0.8054361343 0.7228474682 0.6487273665 1.2857142857 784 981 126
0.3178710938 0.8974609375 0.8054361343 0.7228474682 0.6487273665 1.2666666667 58 957 128
0.3183593750 0.8974609375 0.8054361343 0.7228474682 0.6487273665 1.2666666667 156 957 128
0.3188476562 0.8974609375 0.8054361343 0.7228474682 0.6487273665 1.2666666667 156 900 128
0.3193359375 0.8974609375 0.8054361343 0.7228474682 0.6487273665 1.2666666667 884 900 128
0.3198242188 0.8974609375 0.8054361343 0.7228474682 0.6487273665 1.2666666667 98 884 128
0.3203125000 0.8974609375 0.8054361343 0.7228474682 0.6487273665 1.2666666667 98 173 128
0.3208007812 0.8974609375 0.8054361343 0.7228474682 0.6487273665 1.2666666667 112 659 129
0.3212890625 0.8974609375 0.8054361343 0.7228474682 0.6487273665 1.2666666667 659 893 129
0.3217773438 0.8974609375 0.8054361343 0.7228474682 0.6487273665 1.2666666667 14 893 129
0.3222656250 0.8974609375 0.8054361343 0.7228474682 0.6487273665 1.2666666667 14 428 129
0.3227539062 0.8964843750 0.8036842346 0.7204903588 0.6459083490 1.2641509434 174 428 129
0.3232421875 0.8964843750 0.8036842346 0.7204903588 0.6459083490 1.2641509434 221 607 131
0.3237304688 0.8964843750 0.8036842346 0.7204903588 0.6459083490 1.2641509434 83 607 131
0.3242187500 0.8964843750 0.8036842346 0.7204903588 0.6459083490 1.2641509434 83 138 131
0.3247070312 0.8955078125 0.8019342422 0.7181383790 0.6430985289 1.2616822430 138 751 131
0.3251953125 0.8955078125 0.8019342422 0.7181383790 0.6430985289 1.2616822430 751 819 131
0.3256835938 0.8955078125 0.8019342422 0.7181383790 0.6430985289 1.2616822430 216 819 131
0.3261718750 0.8955078125 0.8019342422 0.7181383790 0.6430985289 1.2616822430 216 499 131
0.3266601562 0.8955078125 0.8019342422 0.7181383790 0.6430985289 1.2616822430 679 756 132
0.3271484375 0.8935546875 0.7984399796 0.7134497864 0.6375064009 1.2752293578 323 679 132
0.3276367188 0.8935546875 0.7984399796 0.7134497864 0.6375064009 1.2752293578 323 346 132
0.3281250000 0.8935546875 0.7984399796 0.7134497864 0.6375064009 1.2752293578 346 735 132
0.3286132812 0.8935546875 0.7984399796 0.7134497864 0.6375064009 1.2752293578 307 735 132
0.3291015625 0.8925781250 0.7966957092 0.7111131623 0.6347240531 1.2727272727 264 307 132
0.3295898438 0.8925781250 0.7966957092 0.7111131623 0.6347240531 1.2727272727 264 955 132
0.3300781250 0.8925781250 0.7966957092 0.7111131623 0.6347240531 1.2727272727 159 955 132
0.3305664062 0.8916015625 0.7949533463 0.7087816456 0.6319508227 1.2702702703 835 961 133
0.3310546875 0.8916015625 0.7949533463 0.7087816456 0.6319508227 1.2702702703 212 961 133
0.3315429688 0.8916015625 0.7949533463 0.7087816456 0.6319508227 1.2702702703 212 454 133
0.3320312500 0.8916015625 0.7949533463 0.7087816456 0.6319508227 1.2702702703 454 707 133
0.3325195312 0.8916015625 0.7949533463 0.7087816456 0.6319508227 1.2702702703 359 707 133
0.3330078125 0.8916015625 0.7949533463 0.7087816456 0.6319508227 1.2702702703 117 359 133
0.3334960938 0.8916015625 0.7949533463 0.7087816456 0.6319508227 1.2702702703 117 964 133
0.3339843750 0.8906250000 0.7932128906 0.7064552307 0.6291866899 1.2678571429 471 590 135
0.3344726562 0.8906250000 0.7932128906 0.7064552307 0.6291866899 1.2678571429 459 471 135
0.3349609375 0.8906250000 0.7932128906 0.7064552307 0.6291866899 1.2678571429 459 647 135
0.3354492188 0.8906250000 0.7932128906 0.7064552307 0.6291866899 1.2678571429 182 647 135
0.3359375000 0.8906250000 0.7932128906 0.7064552307 0.6291866899 1.2678571429 182 951 135
0.3364257812 0.8906250000 0.7932128906 0.7064552307 0.6291866899 1.2678571429 888 951 135
0.3369140625 0.8906250000 0.7932128906 0.7064552307 0.6291866899 1.2678571429 851 1020 136
0.3374023438 0.8906250000 0.7932128906 0.7064552307 0.6291866899 1.2678571429 578 1020 136
0.3378906250 0.8906250000 0.7932128906 0.7064552307 0.6291866899 1.2678571429 578 603 136
0.3383789062 0.8906250000 0.7932128906 0.7064552307 0.6291866899 1.2678571429 402 603 136
0.3388671875 0.8906250000 0.7932128906 0.7064552307 0.6291866899 1.2678571429 402 794 136
0.3393554688 0.8886718750 0.7897377014 0.7018176839 0.6236856370 1.2807017544 272 794 136
0.3398437500 0.8886718750 0.7897377014 0.7018176839 0.6236856370 1.2807017544 272 422 136
0.3403320312 0.8886718750 0.7897377014 0.7018176839 0.6236856370 1.2807017544 422 520 136
0.3408203125 0.8886718750 0.7897377014 0.7018176839 0.6236856370 1.2807017544 530 771 137
0.3413085938 0.8886718750 0.7897377014 0.7018176839 0.6236856370 1.2807017544 310 771 137
0.3417968750 0.8886718750 0.7897377014 0.7018176839 0.6236856370 1.2807017544 310 729 137
0.3422851562 0.8886718750 0.7897377014 0.7018176839 0.6236856370 1.2807017544 729 944 137
0.3427734375 0.8886718750 0.7897377014 0.7018176839 0.6236856370 1.2807017544 286 944 137
0.3432617188 0.8886718750 0.7897377014 0.7018176839 0.6236856370 1.2807017544 286 662 137
0.3437500000 0.8886718750 0.7897377014 0.7018176839 0.6236856370 1.2807017544 290 662 137
0.3442382812 0.8886718750 0.7897377014 0.7018176839 0.6236856370 1.2807017544 701 816 138
0.3447265625 0.8886718750 0.7897377014 0.7018176839 0.6236856370 1.2807017544 816 943 138
0.3452148438 0.8886718750 0.7897377014 0.7018176839 0.6236856370 1.2807017544 347 943 138
0.3457031250 0.8886718750 0.7897377014 0.7018176839 0.6236856370 1.2807017544 34 347 138
0.3461914062 0.8886718750 0.7897377014 0.7018176839 0.6236856370 1.2807017544 34 728 138
0.3466796875 0.8886718750 0.7897377014 0.7018176839 0.6236856370 1.2807017544 728 858 138
0.3471679688 0.8886718750 0.7897377014 0.7018176839 0.6236856370 1.2807017544 302 344 139
0.3476562500 0.8876953125 0.7880029678 0.6995065408 0.6209486773 1.2782608696 2 302 139
0.3481445312 0.8847656250 0.7828102112 0.6926035658 0.6127918267 1.3220338983 2 19 139
0.3486328125 0.8847656250 0.7828102112 0.6926035658 0.6127918267 1.3220338983 19 915 139
0.3491210938 0.8847656250 0.7828102112 0.6926035658 0.6127918267 1.3220338983 707 915 139
0.3496093750 0.8847656250 0.7828102112 0.6926035658 0.6127918267 1.3220338983 707 941 139
0.3500976562 0.8847656250 0.7828102112 0.6926035658 0.6127918267 1.3220338983 941 1006 139
0.3505859375 0.8847656250 0.7828102112 0.6926035658 0.6127918267 1.3220338983 484 1006 139
0.3510742188 0.8847656250 0.7828102112 0.6926035658 0.6127918267 1.3220338983 134 484 139
0.3515625000 0.8847656250 0.7828102112 0.6926035658 0.6127918267 1.3220338983 134 953 139
0.3520507812 0.8847656250 0.7828102112 0.6926035658 0.6127918267 1.3220338983 644 953 139
0.3525390625 0.8847656250 0.7828102112 0.6926035658 0.6127918267 1.3220338983 644 730 139
0.3530273438 0.8818359375 0.7776346207 0.6857461547 0.6047156033 1.3636363636 730 771 139
0.3535156250 0.8818359375 0.7776346207 0.6857461547 0.6047156033 1.3305785124 208 771 139
0.3540039062 0.8818359375 0.7776346207 0.6857461547 0.6047156033 1.3140495868 250 582 141
0.3544921875 0.8818359375 0.7776346207 0.6857461547 0.6047156033 1.3140495868 582 958 141
0.3549804688 0.8818359375 0.7776346207 0.6857461547 0.6047156033 1.3140495868 672 958 141
0.3554687500 0.8818359375 0.7776346207 0.6857461547 0.6047156033 1.3140495868 393 672 141
0.3559570312 0.8818359375 0.7776346207 0.6857461547 0.6047156033 1.3140495868 384 393 141
0.3564453125 0.8818359375 0.7776346207 0.6857461547 0.6047156033 1.3140495868 215 384 141
0.3569335938 0.8818359375 0.7776346207 0.6857461547 0.6047156033 1.3140495868 213 215 141
0.3574218750 0.8818359375 0.7776346207 0.6857461547 0.6047156033 1.3140495868 213 649 141
0.3579101562 0.8818359375 0.7776346207 0.6857461547 0.6047156033 1.3140495868 649 654 141
0.3583984375 0.8818359375 0.7776346207 0.6857461547 0.6047156033 1.3140495868 70 590 142
0.3588867188 0.8818359375 0.7776346207 0.6857461547 0.6047156033 1.3140495868 6 70 142
0.3593750000 0.8818359375 0.7776346207 0.6857461547 0.6047156033 1.3140495868 6 62 142
0.3598632812 0.8818359375 0.7776346207 0.6857461547 0.6047156033 1.3140495868 20 62 142
0.3603515625 0.8818359375 0.7776346207 0.6857461547 0.6047156033 1.3140495868 20 766 142
0.3608398438 0.8818359375 0.7776346207 0.6857461547 0.6047156033 1.3140495868 487 766 142
0.3613281250 0.8818359375 0.7776346207 0.6857461547 0.6047156033 1.3140495868 487 538 142
0.3618164062 0.8808593750 0.7759132385 0.6834704503 0.6020413537 1.3114754098 231 538 142
0.3623046875 0.8808593750 0.7759132385 0.6834704503 0.6020413537 1.3114754098 231 248 142
0.3627929688 0.8808593750 0.7759132385 0.6834704503 0.6020413537 1.3114754098 248 637 142
0.3632812500 0.8798828125 0.7741937637 0.6811997863 0.5993759838 1.3089430894 633 988 143
0.3637695312 0.8798828125 0.7741937637 0.6811997863 0.5993759838 1.3089430894 279 633 143
0.3642578125 0.8798828125 0.7741937637 0.6811997863 0.5993759838 1.3089430894 120 279 143
0.3647460938 0.8798828125 0.7741937637 0.6811997863 0.5993759838 1.3089430894 120 155 143
0.3652343750 0.8798828125 0.7741937637 0.6811997863 0.5993759838 1.3089430894 155 930 143
0.3657226562 0.8798828125 0.7741937637 0.6811997863 0.5993759838 1.3089430894 217 930 143
0.3662109375 0.8789062500 0.7724761963 0.6789341569 0.5967194738 1.3064516129 217 420 143
0.3666992188 0.8789062500 0.7724761963 0.6789341569 0.5967194738 1.3064516129 420 882 143
0.3671875000 0.8789062500 0.7724761963 0.6789341569 0.5967194738 1.3064516129 101 896 144
0.3676757812 0.8789062500 0.7724761963 0.6789341569 0.5967194738 1.3064516129 101 566 144
0.3681640625 0.8789062500 0.7724761963 0.6789341569 0.5967194738 1.3064516129 566 669 144
0.3686523438 0.8779296875 0.7707605362 0.6766735567 0.5940718042 1.3040000000 669 922 144
0.3691406250 0.8779296875 0.7707605362 0.6766735567 0.5940718042 1.3040000000 401 922 144
0.3696289062 0.8779296875 0.7707605362 0.6766735567 0.5940718042 1.3040000000 65 401 144
0.3701171875 0.8779296875 0.7707605362 0.6766735567 0.5940718042 1.3040000000 65 783 144
0.3706054688 0.8740234375 0.7639169693 0.6676813355 0.5835691360 1.3875968992 740 783 144
0.3710937500 0.8740234375 0.7639169693 0.6676813355 0.5835691360 1.3410852713 740 1019 144
0.3715820312 0.8740234375 0.7639169693 0.6676813355 0.5835691360 1.3100775194 15 690 145
0.3720703125 0.8740234375 0.7639169693 0.6676813355 0.5835691360 1.3100775194 345 690 145
0.3725585938 0.8740234375 0.7639169693 0.6676813355 0.5835691360 1.3100775194 345 934 145
0.3730468750 0.8740234375 0.7639169693 0.6676813355 0.5835691360 1.3100775194 152 934 145
0.3735351562 0.8740234375 0.7639169693 0.6676813355 0.5835691360 1.3100775194 152 765 145
0.3740234375 0.8710937500 0.7588043213 0.6609897017 0.5757839980 1.3484848485 620 630 146
0.3745117188 0.8710937500 0.7588043213 0.6609897017 0.5757839980 1.3484848485 289 630 146
0.3750000000 0.8710937500 0.7588043213 0.6609897017 0.5757839980 1.3484848485 289 754 146
0.3754882812 0.8710937500 0.7588043213 0.6609897017 0.5757839980 1.3484848485 754 831 146
0.3759765625 0.8701171875 0.7571039200 0.6587691335 0.5732063457 1.3458646617 8 831 146
0.3764648438 0.8701171875 0.7571039200 0.6587691335 0.5732063457 1.3458646617 8 262 146
0.3769531250 0.8701171875 0.7571039200 0.6587691335 0.5732063457 1.3458646617 262 544 146
0.3774414062 0.8701171875 0.7571039200 0.6587691335 0.5732063457 1.3458646617 382 544 146
0.3779296875 0.8701171875 0.7571039200 0.6587691335 0.5732063457 1.3458646617 697 914 148
0.3784179688 0.8701171875 0.7571039200 0.6587691335 0.5732063457 1.3458646617 213 697 148
0.3789062500 0.8701171875 0.7571039200 0.6587691335 0.5732063457 1.3458646617 213 879 148
0.3793945312 0.8701171875 0.7571039200 0.6587691335 0.5732063457 1.3458646617 122 879 148
0.3798828125 0.8701171875 0.7571039200 0.6587691335 0.5732063457 1.3458646617 639 746 151
0.3803710938 0.8701171875 0.7571039200 0.6587691335 0.5732063457 1.3458646617 225 746 151
0.3808593750 0.8701171875 0.7571039200 0.6587691335 0.5732063457 1.3458646617 152 225 151
0.3813476562 0.8691406250 0.7554054260 0.6565535441 0.5706373577 1.3432835821 152 708 151
0.3818359375 0.8691406250 0.7554054260 0.6565535441 0.5706373577 1.3432835821 380 708 151
0.3823242188 0.8691406250 0.7554054260 0.6565535441 0.5706373577 1.3432835821 64 380 151
0.3828125000 0.8691406250 0.7554054260 0.6565535441 0.5706373577 1.3432835821 64 294 151
0.3833007812 0.8671875000 0.7520141602 0.6521372795 0.5655252971 1.3529411765 250 586 152
0.3837890625 0.8671875000 0.7520141602 0.6521372795 0.5655252971 1.3529411765 250 1020 152
0.3842773438 0.8671875000 0.7520141602 0.6521372795 0.5655252971 1.3529411765 652 1020 152
0.3847656250 0.8671875000 0.7520141602 0.6521372795 0.5655252971 1.3529411765 55 652 152
0.3852539062 0.8652343750 0.7486305237 0.6477408633 0.5604476610 1.3623188406 55 56 152
0.3857421875 0.8642578125 0.7469415665 0.6455500843 0.5579217037 1.3597122302 20 56 152
0.3862304688 0.8632812500 0.7452545166 0.6433642507 0.5554042945 1.3571428571 20 946 152
0.3867187500 0.8613281250 0.7418861389 0.6390073970 0.5503950431 1.3661971831 59 946 152
0.3872070312 0.8564453125 0.7334985733 0.6282014148 0.5380201570 1.4897959184 59 869 152
0.3876953125 0.8564453125 0.7334985733 0.6282014148 0.5380201570 1.4353741497 510 869 152
0.3881835938 0.8564453125 0.7334985733 0.6282014148 0.5380201570 1.3945578231 109 510 152
0.3886718750 0.8564453125 0.7334985733 0.6282014148 0.5380201570 1.3673469388 98 109 152
0.3891601562 0.8564453125 0.7334985733 0.6282014148 0.5380201570 1.3537414966 92 955 153
0.3896484375 0.8564453125 0.7334985733 0.6282014148 0.5380201570 1.3537414966 92 975 153
0.3901367188 0.8505859375 0.7234964371 0.6153958952 0.5234470945 1.5359477124 642 975 153
0.3906250000 0.8496093750 0.7218360901 0.6132787094 0.5210473410 1.5324675325 626 642 153
0.3911132812 0.8496093750 0.7218360901 0.6132787094 0.5210473410 1.5324675325 626 747 153
0.3916015625 0.8496093750 0.7218360901 0.6132787094 0.5210473410 1.5324675325 418 747 153
0.3920898438 0.8496093750 0.7218360901 0.6132787094 0.5210473410 1.5324675325 222 418 153
0.3925781250 0.8496093750 0.7218360901 0.6132787094 0.5210473410 1.5324675325 123 222 153
0.3930664062 0.8496093750 0.7218360901 0.6132787094 0.5210473410 1.5324675325 123 815 153
0.3935546875 0.8496093750 0.7218360901 0.6132787094 0.5210473410 1.5324675325 815 954 153
0.3940429688 0.8496093750 0.7218360901 0.6132787094 0.5210473410 1.5324675325 715 1017 154
0.3945312500 0.8496093750 0.7218360901 0.6132787094 0.5210473410 1.5324675325 839 1017 154
0.3950195312 0.8496093750 0.7218360901 0.6132787094 0.5210473410 1.5324675325 70 839 154
0.3955078125 0.8496093750 0.7218360901 0.6132787094 0.5210473410 1.5324675325 70 595 154
0.3959960938 0.8486328125 0.7201776505 0.6111663850 0.5186558482 1.5290322581 251 595 154
0.3964843750 0.8486328125 0.7201776505 0.6111663850 0.5186558482 1.5290322581 112 251 154
0.3969726562 0.8486328125 0.7201776505 0.6111663850 0.5186558482 1.5290322581 330 692 155
0.3974609375 0.8486328125 0.7201776505 0.6111663850 0.5186558482 1.5290322581 330 1004 155
0.3979492188 0.8486328125 0.7201776505 0.6111663850 0.5186558482 1.5290322581 395 1004 155
0.3984375000 0.8486328125 0.7201776505 0.6111663850 0.5186558482 1.5290322581 395 777 155
0.3989257812 0.8486328125 0.7201776505 0.6111663850 0.5186558482 1.5290322581 383 777 155
0.3994140625 0.8476562500 0.7185211182 0.6090589166 0.5162725972 1.5256410256 53 383 155
0.3999023438 0.8476562500 0.7185211182 0.6090589166 0.5162725972 1.5256410256 770 811 156
0.4003906250 0.8476562500 0.7185211182 0.6090589166 0.5162725972 1.5256410256 273 770 156
0.4008789062 0.8476562500 0.7185211182 0.6090589166 0.5162725972 1.5256410256 273 766 156
0.4013671875 0.8476562500 0.7185211182 0.6090589166 0.5162725972 1.5256410256 766 1006 156
0.4018554688 0.8476562500 0.7185211182 0.6090589166 0.5162725972 1.5256410256 577 803 158
0.4023437500 0.8476562500 0.7185211182 0.6090589166 0.5162725972 1.5256410256 318 577 158
0.4028320312 0.8476562500 0.7185211182 0.6090589166 0.5162725972 1.5256410256 318 365 158
0.4033203125 0.8476562500 0.7185211182 0.6090589166 0.5162725972 1.5256410256 163 365 158
0.4038085938 0.8476562500 0.7185211182 0.6090589166 0.5162725972 1.5256410256 163 460 158
0.4042968750 0.8476562500 0.7185211182 0.6090589166 0.5162725972 1.5256410256 202 460 158
0.4047851562 0.8476562500 0.7185211182 0.6090589166 0.5162725972 1.5256410256 131 202 158
0.4052734375 0.8476562500 0.7185211182 0.6090589166 0.5162725972 1.5256410256 24 131 158
0.4057617188 0.8476562500 0.7185211182 0.6090589166 0.5162725972 1.5256410256 105 188 159
0.4062500000 0.8476562500 0.7185211182 0.6090589166 0.5162725972 1.5256410256 188 953 159
0.4067382812 0.8476562500 0.7185211182 0.6090589166 0.5162725972 1.5256410256 482 953 159
0.4072265625 0.8466796875 0.7168664932 0.6069562985 0.5138975691 1.5222929936 452 482 159
0.4077148438 0.8466796875 0.7168664932 0.6069562985 0.5138975691 1.5222929936 452 676 159
0.4082031250 0.8466796875 0.7168664932 0.6069562985 0.5138975691 1.5222929936 676 705 159
0.4086914062 0.8466796875 0.7168664932 0.6069562985 0.5138975691 1.5222929936 261 705 159
0.4091796875 0.8466796875 0.7168664932 0.6069562985 0.5138975691 1.5222929936 261 635 159
0.4096679688 0.8466796875 0.7168664932 0.6069562985 0.5138975691 1.5222929936 46 293 160
0.4101562500 0.8466796875 0.7168664932 0.6069562985 0.5138975691 1.5222929936 46 292 160
0.4106445312 0.8466796875 0.7168664932 0.6069562985 0.5138975691 1.5222929936 292 677 160
0.4111328125 0.8466796875 0.7168664932 0.6069562985 0.5138975691 1.5222929936 545 677 160
0.4116210938 0.8466796875 0.7168664932 0.6069562985 0.5138975691 1.5222929936 40 545 160
0.4121093750 0.8466796875 0.7168664932 0.6069562985 0.5138975691 1.5222929936 40 210 160
0.4125976562 0.8466796875 0.7168664932 0.6069562985 0.5138975691 1.5222929936 200 307 161
0.4130859375 0.8466796875 0.7168664932 0.6069562985 0.5138975691 1.5222929936 200 926 161
0.4135742188 0.8466796875 0.7168664932 0.6069562985 0.5138975691 1.5222929936 105 926 161
0.4140625000 0.8466796875 0.7168664932 0.6069562985 0.5138975691 1.5222929936 105 560 161
0.4145507812 0.8466796875 0.7168664932 0.6069562985 0.5138975691 1.5222929936 560 766 161
0.4150390625 0.8466796875 0.7168664932 0.6069562985 0.5138975691 1.5222929936 721 766 161
0.4155273438 0.8466796875 0.7168664932 0.6069562985 0.5138975691 1.5222929936 328 721 161
0.4160156250 0.8447265625 0.7135629654 0.6027655909 0.5091721056 1.5283018868 328 875 161
0.4165039062 0.8447265625 0.7135629654 0.6027655909 0.5091721056 1.5157232704 133 870 163
0.4169921875 0.8447265625 0.7135629654 0.6027655909 0.5091721056 1.5157232704 133 664 163
0.4174804688 0.8447265625 0.7135629654 0.6027655909 0.5091721056 1.5157232704 664 802 163
0.4179687500 0.8447265625 0.7135629654 0.6027655909 0.5091721056 1.5157232704 207 802 163
0.4184570312 0.8447265625 0.7135629654 0.6027655909 0.5091721056 1.5157232704 207 581 163
0.4189453125 0.8427734375 0.7102670670 0.5985942176 0.5044793064 1.5217391304 555 581 163
0.4194335938 0.8427734375 0.7102670670 0.5985942176 0.5044793064 1.5217391304 444 555 163
0.4199218750 0.8427734375 0.7102670670 0.5985942176 0.5044793064 1.5217391304 428 486 164
0.4204101562 0.8427734375 0.7102670670 0.5985942176 0.5044793064 1.5217391304 242 486 164
0.4208984375 0.8427734375 0.7102670670 0.5985942176 0.5044793064 1.5217391304 240 242 164
0.4213867188 0.8427734375 0.7102670670 0.5985942176 0.5044793064 1.5217391304 116 240 164
0.4218750000 0.8427734375 0.7102670670 0.5985942176 0.5044793064 1.5217391304 116 916 164
0.4223632812 0.8427734375 0.7102670670 0.5985942176 0.5044793064 1.5217391304 840 916 164
0.4228515625 0.8427734375 0.7102670670 0.5985942176 0.5044793064 1.5217391304 836 840 164
0.4233398438 0.8427734375 0.7102670670 0.5985942176 0.5044793064 1.5217391304 641 836 164
0.4238281250 0.8398437500 0.7053375244 0.5923733115 0.4975010233 1.5487804878 278 641 164
0.4243164062 0.8398437500 0.7053375244 0.5923733115 0.4975010233 1.5243902439 743 772 165
0.4248046875 0.8398437500 0.7053375244 0.5923733115 0.4975010233 1.5243902439 772 774 165
0.4252929688 0.8398437500 0.7053375244 0.5923733115 0.4975010233 1.5243902439 167 774 165
0.4257812500 0.8398437500 0.7053375244 0.5923733115 0.4975010233 1.5243902439 148 167 165
0.4262695312 0.8398437500 0.7053375244 0.5923733115 0.4975010233 1.5243902439 148 694 165
0.4267578125 0.8398437500 0.7053375244 0.5923733115 0.4975010233 1.5243902439 440 694 165
0.4272460938 0.8398437500 0.7053375244 0.5923733115 0.4975010233 1.5243902439 121 426 166
0.4277343750 0.8398437500 0.7053375244 0.5923733115 0.4975010233 1.5243902439 426 843 166
0.4282226562 0.8398437500 0.7053375244 0.5923733115 0.4975010233 1.5243902439 362 843 166
0.4287109375 0.8398437500 0.7053375244 0.5923733115 0.4975010233 1.5243902439 362 719 166
0.4291992188 0.8398437500 0.7053375244 0.5923733115 0.4975010233 1.5243902439 719 957 166
0.4296875000 0.8398437500 0.7053375244 0.5923733115 0.4975010233 1.5243902439 404 957 166
0.4301757812 0.8388671875 0.7036981583 0.5903092949 0.4951910979 1.5212121212 404 688 166
0.4306640625 0.8378906250 0.7020606995 0.5882500783 0.4928892257 1.5180722892 165 800 167
0.4311523438 0.8378906250 0.7020606995 0.5882500783 0.4928892257 1.5180722892 165 374 167
0.4316406250 0.8378906250 0.7020606995 0.5882500783 0.4928892257 1.5180722892 177 374 167
0.4321289062 0.8378906250 0.7020606995 0.5882500783 0.4928892257 1.5180722892 177 718 167
0.4326171875 0.8378906250 0.7020606995 0.5882500783 0.4928892257 1.5180722892 100 416 168
0.4331054688 0.8378906250 0.7020606995 0.5882500783 0.4928892257 1.5180722892 196 416 168
0.4335937500 0.8378906250 0.7020606995 0.5882500783 0.4928892257 1.5180722892 196 634 168
0.4340820312 0.8378906250 0.7020606995 0.5882500783 0.4928892257 1.5180722892 253 634 168
0.4345703125 0.8369140625 0.7004251480 0.5861956561 0.4905953880 1.5149700599 253 407 168
0.4350585938 0.8369140625 0.7004251480 0.5861956561 0.4905953880 1.5149700599 407 470 168
0.4355468750 0.8369140625 0.7004251480 0.5861956561 0.4905953880 1.5149700599 122 261 169
0.4360351562 0.8369140625 0.7004251480 0.5861956561 0.4905953880 1.5149700599 27 122 169
0.4365234375 0.8349609375 0.6971597672 0.5821011728 0.4860317409 1.5207100592 27 983 169
0.4370117188 0.8349609375 0.6971597672 0.5821011728 0.4860317409 1.5207100592 643 983 169
0.4375000000 0.8349609375 0.6971597672 0.5821011728 0.4860317409 1.5207100592 643 828 169
0.4379882812 0.8349609375 0.6971597672 0.5821011728 0.4860317409 1.5207100592 828 867 169
0.4384765625 0.8339843750 0.6955299377 0.5800611004 0.4837618943 1.5176470588 802 867 169
0.4389648438 0.8339843750 0.6955299377 0.5800611004 0.4837618943 1.5176470588 396 802 169
0.4394531250 0.8320312500 0.6922760010 0.5759952664 0.4792460615 1.5232558140 334 595 172
0.4399414062 0.8320312500 0.6922760010 0.5759952664 0.4792460615 1.5232558140 119 595 172
0.4404296875 0.8310546875 0.6906518936 0.5739694936 0.4770000382 1.5202312139 119 834 172
0.4409179688 0.8310546875 0.6906518936 0.5739694936 0.4770000382 1.5202312139 834 939 172
0.4414062500 0.8310546875 0.6906518936 0.5739694936 0.4770000382 1.5202312139 748 939 172
0.4418945312 0.8300781250 0.6890296936 0.5719484761 0.4747619187 1.5172413793 610 640 174
0.4423828125 0.8300781250 0.6890296936 0.5719484761 0.4747619187 1.5172413793 610 988 174
0.4428710938 0.8300781250 0.6890296936 0.5719484761 0.4747619187 1.5172413793 322 988 174
0.4433593750 0.8300781250 0.6890296936 0.5719484761 0.4747619187 1.5172413793 273 322 174
0.4438476562 0.8300781250 0.6890296936 0.5719484761 0.4747619187 1.5172413793 273 332 174
0.4443359375 0.8300781250 0.6890296936 0.5719484761 0.4747619187 1.5172413793 332 972 174
0.4448242188 0.8300781250 0.6890296936 0.5719484761 0.4747619187 1.5172413793 633 972 174
0.4453125000 0.8300781250 0.6890296936 0.5719484761 0.4747619187 1.5172413793 633 864 174
0.4458007812 0.8281250000 0.6857910156 0.5679206848 0.4703093171 1.5227272727 758 864 174
0.4462890625 0.8281250000 0.6857910156 0.5679206848 0.4703093171 1.5227272727 167 170 175
0.4467773438 0.8281250000 0.6857910156 0.5679206848 0.4703093171 1.5227272727 167 787 175
0.4472656250 0.8281250000 0.6857910156 0.5679206848 0.4703093171 1.5227272727 658 787 175
0.4477539062 0.8281250000 0.6857910156 0.5679206848 0.4703093171 1.5227272727 658 879 175
0.4482421875 0.8281250000 0.6857910156 0.5679206848 0.4703093171 1.5227272727 692 879 175
0.4487304688 0.8281250000 0.6857910156 0.5679206848 0.4703093171 1.5227272727 230 692 175
0.4492187500 0.8261718750 0.6825599670 0.5639118478 0.4658881086 1.5280898876 230 737 175
0.4497070312 0.8261718750 0.6825599670 0.5639118478 0.4658881086 1.5280898876 540 737 175
0.4501953125 0.8261718750 0.6825599670 0.5639118478 0.4658881086 1.5280898876 540 1010 175
0.4506835938 0.8261718750 0.6825599670 0.5639118478 0.4658881086 1.5280898876 46 1010 175
0.4511718750 0.8261718750 0.6825599670 0.5639118478 0.4658881086 1.5280898876 46 825 175
0.4516601562 0.8251953125 0.6809473038 0.5619145231 0.4636892305 1.5251396648 277 1012 178
0.4521484375 0.8251953125 0.6809473038 0.5619145231 0.4636892305 1.5251396648 277 674 178
0.4526367188 0.8251953125 0.6809473038 0.5619145231 0.4636892305 1.5251396648 674 860 178
0.4531250000 0.8242187500 0.6793365479 0.5599219203 0.4614981452 1.5222222222 289 860 178
0.4536132812 0.8242187500 0.6793365479 0.5599219203 0.4614981452 1.5222222222 289 369 178
0.4541015625 0.8212890625 0.6745157242 0.5539723868 0.4549714622 1.5464480874 205 369 178
0.4545898438 0.8212890625 0.6745157242 0.5539723868 0.4549714622 1.5245901639 140 598 179
0.4550781250 0.8212890625 0.6745157242 0.5539723868 0.4549714622 1.5245901639 161 598 179
0.4555664062 0.8212890625 0.6745157242 0.5539723868 0.4549714622 1.5245901639 18 161 179
0.4560546875 0.8212890625 0.6745157242 0.5539723868 0.4549714622 1.5245901639 18 944 179
0.4565429688 0.8212890625 0.6745157242 0.5539723868 0.4549714622 1.5245901639 125 944 179
0.4570312500 0.8212890625 0.6745157242 0.5539723868 0.4549714622 1.5245901639 125 232 179
0.4575195312 0.8212890625 0.6745157242 0.5539723868 0.4549714622 1.5245901639 232 363 179
0.4580078125 0.8212890625 0.6745157242 0.5539723868 0.4549714622 1.5245901639 123 378 185
0.4584960938 0.8203125000 0.6729125977 0.5519986153 0.4528113641 1.5217391304 123 805 185
0.4589843750 0.8203125000 0.6729125977 0.5519986153 0.4528113641 1.5217391304 805 974 185
0.4594726562 0.8203125000 0.6729125977 0.5519986153 0.4528113641 1.5217391304 959 974 185
0.4599609375 0.8203125000 0.6729125977 0.5519986153 0.4528113641 1.5217391304 454 959 185
0.4604492188 0.8203125000 0.6729125977 0.5519986153 0.4528113641 1.5217391304 454 558 185
0.4609375000 0.8203125000 0.6729125977 0.5519986153 0.4528113641 1.5217391304 558 822 185
0.4614257812 0.8203125000 0.6729125977 0.5519986153 0.4528113641 1.5217391304 474 822 185
0.4619140625 0.8183593750 0.6697120667 0.5480651483 0.4485142522 1.5268817204 474 955 185
0.4624023438 0.8183593750 0.6697120667 0.5480651483 0.4485142522 1.5161290323 154 267 186
0.4628906250 0.8183593750 0.6697120667 0.5480651483 0.4485142522 1.5161290323 267 632 186
0.4633789062 0.8183593750 0.6697120667 0.5480651483 0.4485142522 1.5161290323 632 746 186
0.4638671875 0.8173828125 0.6681146622 0.5461054416 0.4463772018 1.5133689840 257 746 186
0.4643554688 0.8115234375 0.6585702896 0.5344452253 0.4337148264 1.6528497409 132 257 186
0.4648437500 0.8115234375 0.6585702896 0.5344452253 0.4337148264 1.6528497409 132 922 186
0.4653320312 0.8115234375 0.6585702896 0.5344452253 0.4337148264 1.6528497409 170 922 186
0.4658203125 0.8105468750 0.6569862366 0.5325181410 0.4316309150 1.6494845361 479 620 187
0.4663085938 0.8105468750 0.6569862366 0.5325181410 0.4316309150 1.6494845361 308 479 187
0.4667968750 0.8105468750 0.6569862366 0.5325181410 0.4316309150 1.6494845361 308 494 187
0.4672851562 0.8105468750 0.6569862366 0.5325181410 0.4316309150 1.6494845361 125 494 187
0.4677734375 0.8105468750 0.6569862366 0.5325181410 0.4316309150 1.6494845361 125 406 187
0.4682617188 0.8105468750 0.6569862366 0.5325181410 0.4316309150 1.6494845361 222 406 187
0.4687500000 0.8105468750 0.6569862366 0.5325181410 0.4316309150 1.6494845361 222 301 187
0.4692382812 0.8105468750 0.6569862366 0.5325181410 0.4316309150 1.6494845361 301 868 187
0.4697265625 0.8105468750 0.6569862366 0.5325181410 0.4316309150 1.6494845361 841 868 187
0.4702148438 0.7978515625 0.6365671158 0.5078860680 0.4052176929 2.3623188406 169 841 187
0.4707031250 0.7978515625 0.6365671158 0.5078860680 0.4052176929 1.9758454106 169 986 187
0.4711914062 0.7978515625 0.6365671158 0.5078860680 0.4052176929 1.9082125604 898 986 187
0.4716796875 0.7978515625 0.6365671158 0.5078860680 0.4052176929 1.8115942029 842 898 187
0.4721679688 0.7978515625 0.6365671158 0.5078860680 0.4052176929 1.7729468599 437 842 187
0.4726562500 0.7978515625 0.6365671158 0.5078860680 0.4052176929 1.7439613527 376 597 192
0.4731445312 0.7978515625 0.6365671158 0.5078860680 0.4052176929 1.7439613527 158 376 192
0.4736328125 0.7968750000 0.6350097656 0.5060234070 0.4032374024 1.7403846154 158 903 192
0.4741210938 0.7968750000 0.6350097656 0.5060234070 0.4032374024 1.7403846154 399 903 192
0.4746093750 0.7949218750 0.6319007874 0.5023117587 0.3992986051 1.7428571429 399 611 192
0.4750976562 0.7949218750 0.6319007874 0.5023117587 0.3992986051 1.7428571429 21 731 196
0.4755859375 0.7929687500 0.6287994385 0.4986183047 0.3953887338 1.7452830189 21 525 196
0.4760742188 0.7929687500 0.6287994385 0.4986183047 0.3953887338 1.7452830189 525 939 196
0.4765625000 0.7929687500 0.6287994385 0.4986183047 0.3953887338 1.7452830189 130 939 196
0.4770507812 0.7929687500 0.6287994385 0.4986183047 0.3953887338 1.7452830189 130 904 196
0.4775390625 0.7929687500 0.6287994385 0.4986183047 0.3953887338 1.7452830189 146 904 196
0.4780273438 0.7929687500 0.6287994385 0.4986183047 0.3953887338 1.7452830189 146 625 196
0.4785156250 0.7919921875 0.6272516251 0.4967783866 0.3934446011 1.7417840376 154 608 197
0.4790039062 0.7919921875 0.6272516251 0.4967783866 0.3934446011 1.7417840376 154 228 197
0.4794921875 0.7919921875 0.6272516251 0.4967783866 0.3934446011 1.7417840376 228 791 197
0.4799804688 0.7919921875 0.6272516251 0.4967783866 0.3934446011 1.7417840376 287 791 197
0.4804687500 0.7919921875 0.6272516251 0.4967783866 0.3934446011 1.7417840376 137 287 197
0.4809570312 0.7919921875 0.6272516251 0.4967783866 0.3934446011 1.7417840376 137 934 197
0.4814453125 0.7919921875 0.6272516251 0.4967783866 0.3934446011 1.7417840376 47 934 197
0.4819335938 0.7919921875 0.6272516251 0.4967783866 0.3934446011 1.7417840376 535 960 198
0.4824218750 0.7900390625 0.6241617203 0.4931121403 0.3895778531 1.7441860465 230 960 198
0.4829101562 0.7900390625 0.6241617203 0.4931121403 0.3895778531 1.7441860465 230 544 198
0.4833984375 0.7841796875 0.6149377823 0.4822217179 0.3781484761 1.8597285068 544 852 198
0.4838867188 0.7841796875 0.6149377823 0.4822217179 0.3781484761 1.8597285068 29 852 198
0.4843750000 0.7832031250 0.6134071350 0.4804223850 0.3762683133 1.8558558559 29 237 198
0.4848632812 0.7832031250 0.6134071350 0.4804223850 0.3762683133 1.8558558559 237 342 198
0.4853515625 0.7832031250 0.6134071350 0.4804223850 0.3762683133 1.8558558559 342 991 198
0.4858398438 0.7812500000 0.6103515625 0.4768371582 0.3725290298 1.8571428571 495 991 198
0.4863281250 0.7812500000 0.6103515625 0.4768371582 0.3725290298 1.8571428571 495 943 198
0.4868164062 0.7812500000 0.6103515625 0.4768371582 0.3725290298 1.8571428571 428 943 198
0.4873046875 0.7792968750 0.6073036194 0.4732698128 0.3688176861 1.8584070796 162 190 200
0.4877929688 0.7792968750 0.6073036194 0.4732698128 0.3688176861 1.8584070796 162 820 200
0.4882812500 0.7792968750 0.6073036194 0.4732698128 0.3688176861 1.8584070796 113 820 200
0.4887695312 0.7783203125 0.6057825089 0.4714928316 0.3669724480 1.8546255507 113 515 200
0.4892578125 0.7783203125 0.6057825089 0.4714928316 0.3669724480 1.8546255507 233 515 200
0.4897460938 0.7783203125 0.6057825089 0.4714928316 0.3669724480 1.8546255507 233 600 200
0.4902343750 0.7783203125 0.6057825089 0.4714928316 0.3669724480 1.8546255507 438 926 201
0.4907226562 0.7783203125 0.6057825089 0.4714928316 0.3669724480 1.8546255507 840 926 201
0.4912109375 0.7783203125 0.6057825089 0.4714928316 0.3669724480 1.8546255507 457 840 201
0.4916992188 0.7763671875 0.6027460098 0.4679522244 0.3633027524 1.8558951965 456 457 201
0.4921875000 0.7763671875 0.6027460098 0.4679522244 0.3633027524 1.8558951965 259 456 201
0.4926757812 0.7744140625 0.5997171402 0.4644293869 0.3596606482 1.8571428571 642 846 205
0.4931640625 0.7744140625 0.5997171402 0.4644293869 0.3596606482 1.8571428571 846 881 205
0.4936523438 0.7744140625 0.5997171402 0.4644293869 0.3596606482 1.8571428571 141 881 205
0.4941406250 0.7744140625 0.5997171402 0.4644293869 0.3596606482 1.8571428571 23 141 205
0.4946289062 0.7744140625 0.5997171402 0.4644293869 0.3596606482 1.8571428571 23 917 205
0.4951171875 0.7744140625 0.5997171402 0.4644293869 0.3596606482 1.8571428571 573 795 206
0.4956054688 0.7744140625 0.5997171402 0.4644293869 0.3596606482 1.8571428571 795 899 206
0.4960937500 0.7714843750 0.5951881409 0.4591783509 0.3542489230 1.8717948718 136 899 206
0.4965820312 0.7695312500 0.5921783447 0.4556997418 0.3506751920 1.8728813559 136 920 206
0.4970703125 0.7695312500 0.5921783447 0.4556997418 0.3506751920 1.8728813559 495 920 206
0.4975585938 0.7695312500 0.5921783447 0.4556997418 0.3506751920 1.8728813559 488 918 207
0.4980468750 0.7695312500 0.5921783447 0.4556997418 0.3506751920 1.8728813559 488 854 207
0.4985351562 0.7695312500 0.5921783447 0.4556997418 0.3506751920 1.8728813559 413 854 207
0.4990234375 0.7695312500 0.5921783447 0.4556997418 0.3506751920 1.8728813559 413 742 207
0.4995117188 0.7675781250 0.5891761780 0.4522387460 0.3471285687 1.8739495798 191 742 207
0.5000000000 0.7675781250 0.5891761780 0.4522387460 0.3471285687 1.8739495798 191 910 207
0.5004882812 0.7675781250 0.5891761780 0.4522387460 0.3471285687 1.8739495798 375 662 209
0.5009765625 0.7675781250 0.5891761780 0.4522387460 0.3471285687 1.8739495798 404 662 209
0.5014648438 0.7675781250 0.5891761780 0.4522387460 0.3471285687 1.8739495798 233 404 209
0.5019531250 0.7675781250 0.5891761780 0.4522387460 0.3471285687 1.8739495798 61 233 209
0.5024414062 0.7675781250 0.5891761780 0.4522387460 0.3471285687 1.8739495798 61 265 209
0.5029296875 0.7666015625 0.5876779556 0.4505148390 0.3453653795 1.8702928870 42 265 209
0.5034179688 0.7666015625 0.5876779556 0.4505148390 0.3453653795 1.8702928870 42 380 209
0.5039062500 0.7666015625 0.5876779556 0.4505148390 0.3453653795 1.8702928870 80 380 209
0.5043945312 0.7666015625 0.5876779556 0.4505148390 0.3453653795 1.8702928870 80 183 209
0.5048828125 0.7656250000 0.5861816406 0.4487953186 0.3436089158 1.8666666667 183 329 209
0.5053710938 0.7617187500 0.5802154541 0.4419609904 0.3366499732 1.9016393443 329 807 209
0.5058593750 0.7617187500 0.5802154541 0.4419609904 0.3366499732 1.8770491803 400 807 209
0.5063476562 0.7617187500 0.5802154541 0.4419609904 0.3366499732 1.8606557377 440 778 213
0.5068359375 0.7617187500 0.5802154541 0.4419609904 0.3366499732 1.8606557377 440 768 213
0.5073242188 0.7607421875 0.5787286758 0.4402633188 0.3349268802 1.8571428571 768 907 213
0.5078125000 0.7607421875 0.5787286758 0.4402633188 0.3349268802 1.8571428571 907 966 213
0.5083007812 0.7607421875 0.5787286758 0.4402633188 0.3349268802 1.8571428571 966 998 213
0.5087890625 0.7607421875 0.5787286758 0.4402633188 0.3349268802 1.8571428571 531 998 213
0.5092773438 0.7607421875 0.5787286758 0.4402633188 0.3349268802 1.8571428571 531 802 213
0.5097656250 0.7607421875 0.5787286758 0.4402633188 0.3349268802 1.8571428571 802 1006 213
0.5102539062 0.7597656250 0.5772438049 0.4385700002 0.3332104103 1.8536585366 902 1006 213
0.5107421875 0.7578125000 0.5742797852 0.4351963997 0.3297972716 1.8548387097 375 902 213
0.5112304688 0.7558593750 0.5713233948 0.4318401441 0.3264104214 1.8560000000 490 663 215
0.5117187500 0.7539062500 0.5683746338 0.4285011888 0.3230497243 1.8571428571 43 663 215
0.5122070312 0.7539062500 0.5683746338 0.4285011888 0.3230497243 1.8571428571 43 653 215
0.5126953125 0.7539062500 0.5683746338 0.4285011888 0.3230497243 1.8571428571 380 653 215
0.5131835938 0.7539062500 0.5683746338 0.4285011888 0.3230497243 1.8571428571 272 380 215
0.5136718750 0.7539062500 0.5683746338 0.4285011888 0.3230497243 1.8571428571 272 727 215
0.5141601562 0.7539062500 0.5683746338 0.4285011888 0.3230497243 1.8571428571 515 727 215
0.5146484375 0.7539062500 0.5683746338 0.4285011888 0.3230497243 1.8571428571 515 970 215
0.5151367188 0.7539062500 0.5683746338 0.4285011888 0.3230497243 1.8571428571 747 970 215
0.5156250000 0.7529296875 0.5669031143 0.4268381847 0.3213791410 1.8537549407 252 577 216
0.5161132812 0.7529296875 0.5669031143 0.4268381847 0.3213791410 1.8537549407 577 624 216
0.5166015625 0.7509765625 0.5639657974 0.4235250959 0.3180574207 1.8549019608 624 663 216
0.5170898438 0.7509765625 0.5639657974 0.4235250959 0.3180574207 1.8549019608 597 663 216
0.5175781250 0.7500000000 0.5625000000 0.4218750000 0.3164062500 1.8515625000 597 996 216
0.5180664062 0.7500000000 0.5625000000 0.4218750000 0.3164062500 1.8515625000 978 996 216
0.5185546875 0.7500000000 0.5625000000 0.4218750000 0.3164062500 1.8515625000 791 978 216
0.5190429688 0.7500000000 0.5625000000 0.4218750000 0.3164062500 1.8515625000 371 791 216
0.5195312500 0.7490234375 0.5610361099 0.4202291956 0.3147615166 1.8482490272 371 659 216
0.5200195312 0.7460937500 0.5566558838 0.4153174758 0.3098657730 1.8615384615 277 659 216
0.5205078125 0.7460937500 0.5566558838 0.4153174758 0.3098657730 1.8461538462 300 430 217
0.5209960938 0.7460937500 0.5566558838 0.4153174758 0.3098657730 1.8461538462 200 300 217
0.5214843750 0.7460937500 0.5566558838 0.4153174758 0.3098657730 1.8461538462 42 200 217
0.5219726562 0.7460937500 0.5566558838 0.4153174758 0.3098657730 1.8461538462 42 808 217
0.5224609375 0.7460937500 0.5566558838 0.4153174758 0.3098657730 1.8461538462 416 808 217
0.5229492188 0.7402343750 0.5479469299 0.4056091532 0.3002458380 1.9398496241 416 726 217
0.5234375000 0.7402343750 0.5479469299 0.4056091532 0.3002458380 1.9398496241 726 917 217
0.5239257812 0.7402343750 0.5479469299 0.4056091532 0.3002458380 1.9398496241 348 917 217
0.5244140625 0.7402343750 0.5479469299 0.4056091532 0.3002458380 1.9398496241 127 348 217
0.5249023438 0.7402343750 0.5479469299 0.4056091532 0.3002458380 1.9398496241 95 127 217
0.5253906250 0.7402343750 0.5479469299 0.4056091532 0.3002458380 1.9398496241 95 479 217
0.5258789062 0.7402343750 0.5479469299 0.4056091532 0.3002458380 1.9398496241 479 874 217
0.5263671875 0.7402343750 0.5479469299 0.4056091532 0.3002458380 1.9398496241 107 874 217
0.5268554688 0.7392578125 0.5465021133 0.4040059568 0.2986645599 1.9363295880 355 734 218
0.5273437500 0.7363281250 0.5421791077 0.3992217258 0.2939581848 1.9481481481 355 520 218
0.5278320312 0.7363281250 0.5421791077 0.3992217258 0.2939581848 1.9481481481 520 693 218
0.5283203125 0.7363281250 0.5421791077 0.3992217258 0.2939581848 1.9481481481 281 693 218
0.5288085938 0.7363281250 0.5421791077 0.3992217258 0.2939581848 1.9481481481 281 559 218
0.5292968750 0.7353515625 0.5407419205 0.3976354161 0.2924018246 1.9446494465 338 559 218
0.5297851562 0.7353515625 0.5407419205 0.3976354161 0.2924018246 1.9446494465 338 945 218
0.5302734375 0.7343750000 0.5393066406 0.3960533142 0.2908516526 1.9411764706 585 945 218
0.5307617188 0.7343750000 0.5393066406 0.3960533142 0.2908516526 1.9411764706 585 624 218
0.5312500000 0.7275390625 0.5293130875 0.3850959474 0.2801723446 2.0681003584 326 624 218
0.5317382812 0.7275390625 0.5293130875 0.3850959474 0.2801723446 1.9820788530 326 476 218
0.5322265625 0.7275390625 0.5293130875 0.3850959474 0.2801723446 1.9677419355 568 763 219
0.5327148438 0.7275390625 0.5293130875 0.3850959474 0.2801723446 1.9677419355 186 568 219
0.5332031250 0.7275390625 0.5293130875 0.3850959474 0.2801723446 1.9677419355 186 496 219
0.5336914062 0.7275390625 0.5293130875 0.3850959474 0.2801723446 1.9677419355 496 669 219
0.5341796875 0.7275390625 0.5293130875 0.3850959474 0.2801723446 1.9677419355 596 669 219
0.5346679688 0.7275390625 0.5293130875 0.3850959474 0.2801723446 1.9677419355 452 596 219
0.5351562500 0.7246093750 0.5250587463 0.3804624900 0.2756866871 1.9787234043 9 452 219
0.5356445312 0.7246093750 0.5250587463 0.3804624900 0.2756866871 1.9787234043 9 267 219
0.5361328125 0.7236328125 0.5236444473 0.3789263042 0.2742035072 1.9752650177 267 1014 219
0.5366210938 0.7226562500 0.5222320557 0.3773942590 0.2727263200 1.9718309859 388 744 221
0.5371093750 0.7216796875 0.5208215714 0.3758663489 0.2712551092 1.9684210526 339 388 221
0.5375976562 0.7207031250 0.5194129944 0.3743425682 0.2697898587 1.9650349650 289 339 221
0.5380859375 0.7207031250 0.5194129944 0.3743425682 0.2697898587 1.9650349650 289 672 221
0.5385742188 0.7207031250 0.5194129944 0.3743425682 0.2697898587 1.9650349650 526 672 221
0.5390625000 0.7207031250 0.5194129944 0.3743425682 0.2697898587 1.9650349650 526 687 221
0.5395507812 0.7197265625 0.5180063248 0.3728229115 0.2683305525 1.9616724739 687 851 221
0.5400390625 0.7197265625 0.5180063248 0.3728229115 0.2683305525 1.9616724739 622 851 221
0.5405273438 0.7197265625 0.5180063248 0.3728229115 0.2683305525 1.9616724739 346 622 221
0.5410156250 0.7197265625 0.5180063248 0.3728229115 0.2683305525 1.9616724739 346 836 221
0.5415039062 0.7187500000 0.5166015625 0.3713073730 0.2668771744 1.9583333333 749 836 221
0.5419921875 0.7177734375 0.5151987076 0.3697959473 0.2654297083 1.9550173010 583 870 222
0.5424804688 0.7177734375 0.5151987076 0.3697959473 0.2654297083 1.9550173010 583 640 222
0.5429687500 0.7177734375 0.5151987076 0.3697959473 0.2654297083 1.9550173010 142 640 222
0.5434570312 0.7177734375 0.5151987076 0.3697959473 0.2654297083 1.9550173010 23 142 222
0.5439453125 0.7177734375 0.5151987076 0.3697959473 0.2654297083 1.9550173010 23 308 222
0.5444335938 0.7177734375 0.5151987076 0.3697959473 0.2654297083 1.9550173010 69 308 222
0.5449218750 0.7177734375 0.5151987076 0.3697959473 0.2654297083 1.9550173010 69 353 222
0.5454101562 0.7167968750 0.5137977600 0.3682886288 0.2639881382 1.9517241379 237 353 222
0.5458984375 0.7158203125 0.5123987198 0.3667854117 0.2625524480 1.9484536082 237 992 222
0.5463867188 0.7128906250 0.5082130432 0.3623003140 0.2582804973 1.9591836735 845 992 222
0.5468750000 0.7128906250 0.5082130432 0.3623003140 0.2582804973 1.9591836735 231 853 226
0.5473632812 0.7070312500 0.4998931885 0.3534401059 0.2498931999 2.0400000000 473 853 226
0.5478515625 0.7060546875 0.4985132217 0.3519775970 0.2485154323 2.0365448505 473 827 226
0.5483398438 0.7060546875 0.4985132217 0.3519775970 0.2485154323 2.0365448505 827 912 226
0.5488281250 0.7060546875 0.4985132217 0.3519775970 0.2485154323 2.0365448505 912 921 226
0.5493164062 0.7060546875 0.4985132217 0.3519775970 0.2485154323 2.0365448505 317 921 226
0.5498046875 0.7050781250 0.4971351624 0.3505191281 0.2471433696 2.0331125828 358 823 227
0.5502929688 0.7050781250 0.4971351624 0.3505191281 0.2471433696 2.0331125828 449 823 227
0.5507812500 0.7041015625 0.4957590103 0.3490646938 0.2457769963 2.0297029703 214 268 229
0.5512695312 0.7041015625 0.4957590103 0.3490646938 0.2457769963 2.0297029703 63 268 229
0.5517578125 0.7041015625 0.4957590103 0.3490646938 0.2457769963 2.0297029703 63 319 229
0.5522460938 0.7041015625 0.4957590103 0.3490646938 0.2457769963 2.0297029703 319 885 229
0.5527343750 0.7041015625 0.4957590103 0.3490646938 0.2457769963 2.0297029703 43 885 229
0.5532226562 0.7041015625 0.4957590103 0.3490646938 0.2457769963 2.0297029703 43 648 229
0.5537109375 0.7031250000 0.4943847656 0.3476142883 0.2444162965 2.0263157895 648 870 229
0.5541992188 0.7021484375 0.4930124283 0.3461679062 0.2430612544 2.0229508197 690 870 229
0.5546875000 0.7001953125 0.4902734756 0.3432871895 0.2403680809 2.0228013029 11 690 229
0.5551757812 0.6992187500 0.4889068604 0.3418528438 0.2390299181 2.0194805195 11 161 229
0.5556640625 0.6982421875 0.4875421524 0.3404224990 0.2376973504 2.0161812298 161 418 229
0.5561523438 0.6982421875 0.4875421524 0.3404224990 0.2376973504 2.0161812298 145 348 230
0.5566406250 0.6923828125 0.4793939590 0.3319241377 0.2298185680 2.0920634921 348 702 230
0.5571289062 0.6923828125 0.4793939590 0.3319241377 0.2298185680 2.0920634921 702 750 230
0.5576171875 0.6923828125 0.4793939590 0.3319241377 0.2298185680 2.0920634921 450 750 230
0.5581054688 0.6923828125 0.4793939590 0.3319241377 0.2298185680 2.0920634921 213 450 230
0.5585937500 0.6923828125 0.4793939590 0.3319241377 0.2298185680 2.0920634921 213 699 230
0.5590820312 0.6914062500 0.4780426025 0.3305216432 0.2285247298 2.0886075949 374 699 230
0.5595703125 0.6904296875 0.4766931534 0.3291231049 0.2272363625 2.0851735016 340 815 233
0.5600585938 0.6904296875 0.4766931534 0.3291231049 0.2272363625 2.0851735016 340 635 233
0.5605468750 0.6904296875 0.4766931534 0.3291231049 0.2272363625 2.0851735016 373 635 233
0.5610351562 0.6865234375 0.4713144302 0.3235684028 0.2221372921 2.1090342679 373 441 233
0.5615234375 0.6855468750 0.4699745178 0.3221895620 0.2208760474 2.1055900621 72 441 233
0.5620117188 0.6855468750 0.4699745178 0.3221895620 0.2208760474 2.1055900621 72 912 233
0.5625000000 0.6855468750 0.4699745178 0.3221895620 0.2208760474 2.1055900621 893 912 233
0.5629882812 0.6855468750 0.4699745178 0.3221895620 0.2208760474 2.1055900621 201 893 233
0.5634765625 0.6835937500 0.4673004150 0.3194436431 0.2183696779 2.1049382716 75 201 233
0.5639648438 0.6787109375 0.4606485367 0.3126472002 0.2121970743 2.1489361702 75 947 233
0.5644531250 0.6787109375 0.4606485367 0.3126472002 0.2121970743 2.1489361702 728 947 233
0.5649414062 0.6787109375 0.4606485367 0.3126472002 0.2121970743 2.1489361702 275 537 234
0.5654296875 0.6787109375 0.4606485367 0.3126472002 0.2121970743 2.1489361702 537 911 234
0.5659179688 0.6787109375 0.4606485367 0.3126472002 0.2121970743 2.1489361702 324 911 234
0.5664062500 0.6767578125 0.4580011368 0.3099558474 0.2097650413 2.1480362538 324 950 234
0.5668945312 0.6767578125 0.4580011368 0.3099558474 0.2097650413 2.1480362538 172 950 234
0.5673828125 0.6767578125 0.4580011368 0.3099558474 0.2097650413 2.1480362538 172 260 234
0.5678710938 0.6767578125 0.4580011368 0.3099558474 0.2097650413 2.1480362538 191 260 234
0.5683593750 0.6757812500 0.4566802979 0.3086159825 0.2085568944 2.1445783133 191 313 234
0.5688476562 0.6757812500 0.4566802979 0.3086159825 0.2085568944 2.1445783133 257 313 234
0.5693359375 0.6757812500 0.4566802979 0.3086159825 0.2085568944 2.1445783133 257 743 234
0.5698242188 0.6748046875 0.4553613663 0.3072799845 0.2073539739 2.1411411411 227 743 234
0.5703125000 0.6748046875 0.4553613663 0.3072799845 0.2073539739 2.1411411411 104 350 239
0.5708007812 0.6748046875 0.4553613663 0.3072799845 0.2073539739 2.1411411411 104 152 239
0.5712890625 0.6748046875 0.4553613663 0.3072799845 0.2073539739 2.1411411411 152 993 239
0.5717773438 0.6748046875 0.4553613663 0.3072799845 0.2073539739 2.1411411411 67 993 239
0.5722656250 0.6748046875 0.4553613663 0.3072799845 0.2073539739 2.1411411411 67 985 239
0.5727539062 0.6748046875 0.4553613663 0.3072799845 0.2073539739 2.1411411411 157 985 239
0.5732421875 0.6738281250 0.4540443420 0.3059478477 0.2061562645 2.1377245509 157 435 239
0.5737304688 0.6718750000 0.4514160156 0.3032951355 0.2037764192 2.1369047619 435 522 239
0.5742187500 0.6718750000 0.4514160156 0.3032951355 0.2037764192 2.1369047619 1 522 239
0.5747070312 0.6718750000 0.4514160156 0.3032951355 0.2037764192 2.1369047619 1 325 239
0.5751953125 0.6718750000 0.4514160156 0.3032951355 0.2037764192 2.1369047619 188 962 240
0.5756835938 0.6708984375 0.4501047134 0.3019745490 0.2025942531 2.1335311573 188 603 240
0.5761718750 0.6660156250 0.4435768127 0.2954290882 0.1967603888 2.1754385965 603 916 240
0.5766601562 0.6630859375 0.4396829605 0.2915475881 0.1933211058 2.1826086957 206 916 240
0.5771484375 0.6621093750 0.4383888245 0.2902613506 0.1921847614 2.1791907514 206 371 240
0.5776367188 0.6611328125 0.4370965958 0.2889789017 0.1910534340 2.1757925072 371 813 240
0.5781250000 0.6591796875 0.4345178604 0.2864253474 0.1888057710 2.1747851003 813 821 240
0.5786132812 0.6591796875 0.4345178604 0.2864253474 0.1888057710 2.1747851003 379 821 240
0.5791015625 0.6591796875 0.4345178604 0.2864253474 0.1888057710 2.1747851003 379 636 240
0.5795898438 0.6464843750 0.4179420471 0.2701930031 0.1746755548 2.5635359116 636 914 240
0.5800781250 0.6464843750 0.4179420471 0.2701930031 0.1746755548 2.5635359116 446 914 240
0.5805664062 0.6464843750 0.4179420471 0.2701930031 0.1746755548 2.5635359116 279 446 240
0.5810546875 0.6464843750 0.4179420471 0.2701930031 0.1746755548 2.5635359116 279 680 240
0.5815429688 0.6464843750 0.4179420471 0.2701930031 0.1746755548 2.5635359116 680 767 240
0.5820312500 0.6464843750 0.4179420471 0.2701930031 0.1746755548 2.5635359116 275 767 240
0.5825195312 0.6455078125 0.4166803360 0.2689704122 0.1736225024 2.5592286501 275 565 240
0.5830078125 0.6445312500 0.4154205322 0.2677515149 0.1725742186 2.5549450549 565 1023 240
0.5834960938 0.6435546875 0.4141626358 0.2665363057 0.1715306889 2.5506849315 38 1023 240
0.5839843750 0.6406250000 0.4104003906 0.2629127502 0.1684284806 2.5543478261 38 393 240
0.5844726562 0.6406250000 0.4104003906 0.2629127502 0.1684284806 2.5434782609 301 393 240
0.5849609375 0.6406250000 0.4104003906 0.2629127502 0.1684284806 2.5380434783 189 509 243
0.5854492188 0.6406250000 0.4104003906 0.2629127502 0.1684284806 2.5380434783 189 831 243
0.5859375000 0.6367187500 0.4054107666 0.2581326365 0.1643578897 2.5537634409 299 831 243
0.5864257812 0.6357421875 0.4041681290 0.2569467304 0.1633518765 2.5495978552 299 314 243
0.5869140625 0.6357421875 0.4041681290 0.2569467304 0.1633518765 2.5495978552 314 907 243
0.5874023438 0.6347656250 0.4029273987 0.2557644621 0.1623504886 2.5454545455 529 907 243
0.5878906250 0.6347656250 0.4029273987 0.2557644621 0.1623504886 2.5454545455 529 846 243
0.5883789062 0.6308593750 0.3979835510 0.2510716543 0.1583909069 2.5608465608 578 846 243
0.5888671875 0.6308593750 0.3979835510 0.2510716543 0.1583909069 2.5608465608 578 793 243
0.5893554688 0.6289062500 0.3955230713 0.2487469316 0.1564384999 2.5578947368 166 793 243
0.5898437500 0.6289062500 0.3955230713 0.2487469316 0.1564384999 2.5578947368 166 878 243
0.5903320312 0.6289062500 0.3955230713 0.2487469316 0.1564384999 2.5578947368 849 878 243
0.5908203125 0.6289062500 0.3955230713 0.2487469316 0.1564384999 2.5578947368 849 920 243
0.5913085938 0.6289062500 0.3955230713 0.2487469316 0.1564384999 2.5578947368 696 920 243
0.5917968750 0.6279296875 0.3942956924 0.2475899709 0.1554690931 2.5538057743 631 887 244
0.5922851562 0.6191406250 0.3833351135 0.2373383418 0.1469458093 2.7025641026 174 631 244
0.5927734375 0.6191406250 0.3833351135 0.2373383418 0.1469458093 2.7025641026 174 984 244
0.5932617188 0.6181640625 0.3821268082 0.2362170601 0.1460208975 2.6982097187 16 984 244
0.5937500000 0.6181640625 0.3821268082 0.2362170601 0.1460208975 2.6982097187 16 664 244
0.5942382812 0.6152343750 0.3785133362 0.2328744158 0.1432723457 2.7005076142 664 737 244
0.5947265625 0.6132812500 0.3761138916 0.2306635976 0.1414616595 2.6969696970 475 737 244
0.5952148438 0.6132812500 0.3761138916 0.2306635976 0.1414616595 2.6969696970 442 475 244
0.5957031250 0.6074218750 0.3689613342 0.2241151854 0.1361324662 2.7462686567 362 442 244
0.5961914062 0.6044921875 0.3654108047 0.2208879767 0.1335250562 2.7481481481 121 167 245
0.5966796875 0.6015625000 0.3618774414 0.2176918983 0.1309552826 2.7500000000 121 656 245
0.5971679688 0.6005859375 0.3607034683 0.2166334307 0.1301069921 2.7457212714 501 656 245
0.5976562500 0.5986328125 0.3583612442 0.2145267995 0.1284227813 2.7420924574 501 1012 245
0.5981445312 0.5976562500 0.3571929932 0.2134786248 0.1275868344 2.7378640777 644 1012 245
0.5986328125 0.5976562500 0.3571929932 0.2134786248 0.1275868344 2.7378640777 616 644 245
0.5991210938 0.5966796875 0.3560266495 0.2124338700 0.1267549751 2.7336561743 387 616 245
0.5996093750 0.5957031250 0.3548622131 0.2113925293 0.1259271903 2.7294685990 251 387 245
0.6000976562 0.5957031250 0.3548622131 0.2113925293 0.1259271903 2.7294685990 251 832 245
0.6005859375 0.5957031250 0.3548622131 0.2113925293 0.1259271903 2.7294685990 682 832 245
0.6010742188 0.5908203125 0.3490686417 0.2062368440 0.1218489166 2.7565632458 653 682 245
0.6015625000 0.5869140625 0.3444681168 0.2021731818 0.1186582835 2.7683215130 218 653 245
0.6020507812 0.5869140625 0.3444681168 0.2021731818 0.1186582835 2.7683215130 218 722 245
0.6025390625 0.5869140625 0.3444681168 0.2021731818 0.1186582835 2.7683215130 722 799 245
0.6030273438 0.5859375000 0.3433227539 0.2011656761 0.1178705133 2.7641509434 470 799 245
0.6035156250 0.5849609375 0.3421792984 0.2001615232 0.1170866723 2.7600000000 582 851 248
0.6040039062 0.5849609375 0.3421792984 0.2001615232 0.1170866723 2.7600000000 280 582 248
0.6044921875 0.5839843750 0.3410377502 0.1991607174 0.1163067471 2.7558685446 280 698 248
0.6049804688 0.5839843750 0.3410377502 0.1991607174 0.1163067471 2.7558685446 151 698 248
0.6054687500 0.5820312500 0.3387603760 0.1971691251 0.1147585923 2.7523364486 151 667 248
0.6059570312 0.5820312500 0.3387603760 0.1971691251 0.1147585923 2.7523364486 550 667 248
0.6064453125 0.5820312500 0.3387603760 0.1971691251 0.1147585923 2.7523364486 550 715 248
0.6069335938 0.5820312500 0.3387603760 0.1971691251 0.1147585923 2.7523364486 505 715 248
0.6074218750 0.5820312500 0.3387603760 0.1971691251 0.1147585923 2.7523364486 505 693 248
0.6079101562 0.5703125000 0.3252563477 0.1854977608 0.1057916917 3.0045454545 693 871 248
0.6083984375 0.5703125000 0.3252563477 0.1854977608 0.1057916917 3.0045454545 405 871 248
0.6088867188 0.5654296875 0.3197107315 0.1807739390 0.1022149518 3.0269662921 3 405 248
0.6093750000 0.5654296875 0.3197107315 0.1807739390 0.1022149518 3.0089887640 3 809 248
0.6098632812 0.5654296875 0.3197107315 0.1807739390 0.1022149518 2.9955056180 553 809 248
0.6103515625 0.5654296875 0.3197107315 0.1807739390 0.1022149518 2.9865168539 553 941 248
0.6108398438 0.5654296875 0.3197107315 0.1807739390 0.1022149518 2.9820224719 22 89 249
0.6113281250 0.5625000000 0.3164062500 0.1779785156 0.1001129150 2.9821428571 22 992 249
0.6118164062 0.5625000000 0.3164062500 0.1779785156 0.1001129150 2.9821428571 403 992 249
0.6123046875 0.5625000000 0.3164062500 0.1779785156 0.1001129150 2.9821428571 184 403 249
0.6127929688 0.5615234375 0.3153085709 0.1770531526 0.0994194949 2.9777282851 184 431 249
0.6132812500 0.5615234375 0.3153085709 0.1770531526 0.0994194949 2.9777282851 431 865 249
0.6137695312 0.5615234375 0.3153085709 0.1770531526 0.0994194949 2.9777282851 324 865 249
0.6142578125 0.5585937500 0.3120269775 0.1742963195 0.0973608347 2.9778761062 324 540 249
0.6147460938 0.5585937500 0.3120269775 0.1742963195 0.0973608347 2.9778761062 540 675 249
0.6152343750 0.5576171875 0.3109369278 0.1733837752 0.0966817731 2.9735099338 675 723 249
0.6157226562 0.5556640625 0.3087625504 0.1715682531 0.0953343125 2.9692307692 723 806 249
0.6162109375 0.5546875000 0.3076782227 0.1706652641 0.0946658887 2.9649122807 750 917 256
0.6166992188 0.5517578125 0.3044366837 0.1679753186 0.0926816944 2.9651416122 238 750 256
0.6171875000 0.5517578125 0.3044366837 0.1679753186 0.0926816944 2.9651416122 238 969 256
0.6176757812 0.5517578125 0.3044366837 0.1679753186 0.0926816944 2.9651416122 464 969 256
0.6181640625 0.5517578125 0.3044366837 0.1679753186 0.0926816944 2.9651416122 234 464 256
0.6186523438 0.5517578125 0.3044366837 0.1679753186 0.0926816944 2.9651416122 234 724 256
0.6191406250 0.5517578125 0.3044366837 0.1679753186 0.0926816944 2.9651416122 673 724 256
0.6196289062 0.5517578125 0.3044366837 0.1679753186 0.0926816944 2.9651416122 63 673 256
0.6201171875 0.5458984375 0.2980051041 0.1626805207 0.0888070420 3.0043010753 82 989 261
0.6206054688 0.5439453125 0.2958765030 0.1609406369 0.0875429050 3.0000000000 330 989 261
0.6210937500 0.5322265625 0.2832651138 0.1507612178 0.0802391247 3.2254697286 40 330 261
0.6215820312 0.5312500000 0.2822265625 0.1499328613 0.0796518326 3.2208333333 40 741 261
0.6220703125 0.5312500000 0.2822265625 0.1499328613 0.0796518326 3.2208333333 538 741 261
0.6225585938 0.5312500000 0.2822265625 0.1499328613 0.0796518326 3.2208333333 538 594 261
0.6230468750 0.5312500000 0.2822265625 0.1499328613 0.0796518326 3.2208333333 496 594 261
0.6235351562 0.5302734375 0.2811899185 0.1491075447 0.0790677703 3.2162162162 36 496 261
0.6240234375 0.5302734375 0.2811899185 0.1491075447 0.0790677703 3.2162162162 36 940 261
0.6245117188 0.5292968750 0.2801551819 0.1482852623 0.0784869259 3.2116182573 940 1024 261
0.6250000000 0.5283203125 0.2791223526 0.1474660086 0.0779092877 3.2070393375 21 1024 261
0.6254882812 0.5283203125 0.2791223526 0.1474660086 0.0779092877 3.2070393375 21 830 261
0.6259765625 0.5283203125 0.2791223526 0.1474660086 0.0779092877 3.2070393375 830 997 261
0.6264648438 0.5283203125 0.2791223526 0.1474660086 0.0779092877 3.2070393375 96 997 261
0.6269531250 0.5283203125 0.2791223526 0.1474660086 0.0779092877 3.2070393375 96 709 261
0.6274414062 0.5273437500 0.2780914307 0.1466497779 0.0773348438 3.2024793388 249 709 261
0.6279296875 0.5263671875 0.2770624161 0.1458365647 0.0767635824 3.1979381443 249 769 261
0.6284179688 0.5224609375 0.2729654312 0.1426137751 0.0745101266 3.2044989775 194 769 261
0.6289062500 0.5224609375 0.2729654312 0.1426137751 0.0745101266 3.1922290389 194 323 261
0.6293945312 0.5224609375 0.2729654312 0.1426137751 0.0745101266 3.1840490798 216 626 269
0.6298828125 0.5224609375 0.2729654312 0.1426137751 0.0745101266 3.1840490798 216 606 269
0.6303710938 0.5224609375 0.2729654312 0.1426137751 0.0745101266 3.1840490798 273 606 269
0.6308593750 0.5214843750 0.2719459534 0.1418155655 0.0739546016 3.1795918367 273 753 269
0.6313476562 0.5214843750 0.2719459534 0.1418155655 0.0739546016 3.1795918367 137 753 269
0.6318359375 0.5214843750 0.2719459534 0.1418155655 0.0739546016 3.1795918367 137 671 269
0.6323242188 0.5214843750 0.2719459534 0.1418155655 0.0739546016 3.1795918367 671 920 269
0.6328125000 0.5205078125 0.2709283829 0.1410203399 0.0734021886 3.1751527495 99 920 269
0.6333007812 0.5205078125 0.2709283829 0.1410203399 0.0734021886 3.1751527495 99 905 269
0.6337890625 0.5205078125 0.2709283829 0.1410203399 0.0734021886 3.1751527495 905 929 269
0.6342773438 0.5195312500 0.2699127197 0.1402280927 0.0728528763 3.1707317073 929 980 269
0.6347656250 0.5195312500 0.2699127197 0.1402280927 0.0728528763 3.1707317073 4 980 269
0.6352539062 0.5195312500 0.2699127197 0.1402280927 0.0728528763 3.1707317073 4 269 269
0.6357421875 0.5195312500 0.2699127197 0.1402280927 0.0728528763 3.1707317073 125 269 269
0.6362304688 0.5195312500 0.2699127197 0.1402280927 0.0728528763 3.1707317073 125 318 269
0.6367187500 0.5156250000 0.2658691406 0.1370887756 0.0706863999 3.1774193548 318 537 269
0.6372070312 0.5146484375 0.2648630142 0.1363113364 0.0701524163 3.1730382294 537 580 269
0.6376953125 0.5097656250 0.2598609924 0.1324682012 0.0675277354 3.1912350598 454 580 269
0.6381835938 0.5097656250 0.2598609924 0.1324682012 0.0675277354 3.1912350598 366 454 269
0.6386718750 0.5078125000 0.2578735352 0.1309514046 0.0664987601 3.1865079365 192 901 270
0.6391601562 0.5078125000 0.2578735352 0.1309514046 0.0664987601 3.1865079365 192 209 270
0.6396484375 0.5058593750 0.2558937073 0.1294462308 0.0654815894 3.1818181818 209 384 270
0.6401367188 0.5029296875 0.2529382706 0.1272101654 0.0639777687 3.1807465619 384 617 270
0.6406250000 0.5019531250 0.2519569397 0.1264705732 0.0634822995 3.1764705882 279 617 270
0.6411132812 0.5019531250 0.2519569397 0.1264705732 0.0634822995 3.1764705882 279 480 270
0.6416015625 0.5009765625 0.2509775162 0.1257338533 0.0629897136 3.1722113503 480 896 270
0.6420898438 0.5000000000 0.2500000000 0.1250000000 0.0625000000 3.1679687500 880 896 270
0.6425781250 0.4980468750 0.2480506897 0.1235408708 0.0615291447 3.1634241245 457 787 273
0.6430664062 0.4951171875 0.2451410294 0.1213735370 0.0600941243 3.1624758221 787 793 273
0.6435546875 0.4921875000 0.2422485352 0.1192317009 0.0586843528 3.1615384615 678 793 273
0.6440429688 0.4921875000 0.2422485352 0.1192317009 0.0586843528 3.1615384615 227 678 273
0.6445312500 0.4912109375 0.2412881851 0.1185233956 0.0582199883 3.1573896353 227 705 273
0.6450195312 0.4902343750 0.2403297424 0.1178179011 0.0577583851 3.1532567050 327 705 273
0.6455078125 0.4873046875 0.2374658585 0.1157182259 0.0563900339 3.1523809524 30 327 273
0.6459960938 0.4863281250 0.2365150452 0.1150239184 0.0559393666 3.1482889734 30 768 273
0.6464843750 0.4863281250 0.2365150452 0.1150239184 0.0559393666 3.1482889734 630 768 273
0.6469726562 0.4853515625 0.2355661392 0.1143323937 0.0554914059 3.1442125237 460 630 273
0.6474609375 0.4853515625 0.2355661392 0.1143323937 0.0554914059 3.1442125237 292 460 273
0.6479492188 0.4824218750 0.2327308655 0.1122744605 0.0541636557 3.1433962264 292 824 273
0.6484375000 0.4824218750 0.2327308655 0.1122744605 0.0541636557 3.1358490566 119 481 274
0.6489257812 0.4824218750 0.2327308655 0.1122744605 0.0541636557 3.1358490566 119 220 274
0.6494140625 0.4814453125 0.2317895889 0.1115940111 0.0537264135 3.1318267420 220 839 274
0.6499023438 0.4814453125 0.2317895889 0.1115940111 0.0537264135 3.1318267420 219 839 274
0.6503906250 0.4716796875 0.2224817276 0.1049401117 0.0494981191 3.2587800370 219 513 274
0.6508789062 0.4716796875 0.2224817276 0.1049401117 0.0494981191 3.2587800370 151 513 274
0.6513671875 0.4716796875 0.2224817276 0.1049401117 0.0494981191 3.2587800370 151 528 274
0.6518554688 0.4716796875 0.2224817276 0.1049401117 0.0494981191 3.2587800370 181 528 274
0.6523437500 0.4716796875 0.2224817276 0.1049401117 0.0494981191 3.2587800370 181 592 274
0.6528320312 0.4697265625 0.2206430435 0.1036418984 0.0486833527 3.2541436464 418 592 274
0.6533203125 0.4687500000 0.2197265625 0.1029968262 0.0482797623 3.2500000000 418 683 274
0.6538085938 0.4677734375 0.2188119888 0.1023544362 0.0478786865 3.2458715596 49 683 274
0.6542968750 0.4677734375 0.2188119888 0.1023544362 0.0478786865 3.2458715596 49 772 274
0.6547851562 0.4677734375 0.2188119888 0.1023544362 0.0478786865 3.2458715596 106 772 274
0.6552734375 0.4667968750 0.2178993225 0.1017147228 0.0474801148 3.2417582418 106 519 274
0.6557617188 0.4511718750 0.2035560608 0.0918387696 0.0414350699 3.6049822064 221 519 274
0.6562500000 0.4511718750 0.2035560608 0.0918387696 0.0414350699 3.5053380783 221 750 274
0.6567382812 0.4511718750 0.2035560608 0.0918387696 0.0414350699 3.3629893238 243 750 274
0.6572265625 0.4511718750 0.2035560608 0.0918387696 0.0414350699 3.3309608541 243 681 274
0.6577148438 0.4511718750 0.2035560608 0.0918387696 0.0414350699 3.3024911032 35 681 274
0.6582031250 0.4511718750 0.2035560608 0.0918387696 0.0414350699 3.2491103203 35 366 274
0.6586914062 0.4511718750 0.2035560608 0.0918387696 0.0414350699 3.2348754448 40 453 277
0.6591796875 0.4365234375 0.1905527115 0.0831807246 0.0363103359 3.5407279029 40 908 277
0.6596679688 0.4345703125 0.1888513565 0.0820691930 0.0356648349 3.5354058722 17 908 277
0.6601562500 0.4335937500 0.1880035400 0.0815171599 0.0353453311 3.5310344828 17 817 277
0.6606445312 0.4228515625 0.1788034439 0.0756073156 0.0319706716 3.6700507614 39 817 277
0.6611328125 0.4130859375 0.1706399918 0.0704889810 0.0291180068 3.7753743760 39 993 277
0.6616210938 0.4121093750 0.1698341370 0.0699902400 0.0288436341 3.7707641196 264 993 277
0.6621093750 0.4072265625 0.1658334732 0.0675317952 0.0275007408 3.7808896211 264 856 277
0.6625976562 0.4062500000 0.1650390625 0.0670471191 0.0272378922 3.7763157895 324 856 277
0.6630859375 0.3916015625 0.1533517838 0.0600527981 0.0235167696 4.0465489567 324 609 277
0.6635742188 0.3876953125 0.1503076553 0.0582735734 0.0225923913 4.0462519936 609 983 277
0.6640625000 0.3876953125 0.1503076553 0.0582735734 0.0225923913 4.0462519936 478 983 277
0.6645507812 0.3847656250 0.1480445862 0.0569624677 0.0219171995 4.0412698413 478 669 277
0.6650390625 0.3828125000 0.1465454102 0.0560994148 0.0214755572 4.0348101266 669 770 277
0.6655273438 0.3740234375 0.1398935318 0.0523234596 0.0195702002 4.1045241810 770 992 277
0.6660156250 0.3710937500 0.1377105713 0.0511035323 0.0189642014 4.0993788820 298 992 277
0.6665039062 0.3701171875 0.1369867325 0.0507011442 0.0187653649 4.0945736434 171 298 277
0.6669921875 0.3662109375 0.1341104507 0.0491127139 0.0179856130 4.0939907550 171 492 277
0.6674804688 0.3652343750 0.1333961487 0.0487208590 0.0177945325 4.0892307692 176 492 277
0.6679687500 0.3642578125 0.1326837540 0.0483310940 0.0176049786 4.0844854071 176 821 277
0.6684570312 0.3593750000 0.1291503906 0.0464134216 0.0166798234 4.0914634146 6 821 277
0.6689453125 0.3525390625 0.1242837906 0.0438148910 0.0154464606 4.1221719457 6 720 277
0.6694335938 0.3525390625 0.1242837906 0.0438148910 0.0154464606 4.1221719457 163 720 277
0.6699218750 0.3515625000 0.1235961914 0.0434517860 0.0152760185 4.1174698795 144 163 277
0.6704101562 0.3505859375 0.1229104996 0.0430906927 0.0151069909 4.1127819549 144 942 277
0.6708984375 0.3505859375 0.1229104996 0.0430906927 0.0151069909 4.1127819549 406 884 283
0.6713867188 0.3486328125 0.1215448380 0.0423745187 0.0147731476 4.1064467766 406 935 283
0.6718750000 0.3476562500 0.1208648682 0.0420194268 0.0146083164 4.1017964072 935 950 283
0.6723632812 0.3466796875 0.1201868057 0.0416663243 0.0144448683 4.0971599402 721 950 283
0.6728515625 0.3447265625 0.1188364029 0.0409660647 0.0141220907 4.0909090909 721 881 283
0.6733398438 0.3427734375 0.1174936295 0.0402736953 0.0138047530 4.0846953938 753 881 283
0.6738281250 0.3408203125 0.1161584854 0.0395891713 0.0134927937 4.0785185185 753 847 283
0.6743164062 0.3398437500 0.1154937744 0.0392498374 0.0133388119 4.0739644970 74 847 283
0.6748046875 0.3369140625 0.1135110855 0.0382434810 0.0128847665 4.0692194404 74 197 283
0.6752929688 0.3359375000 0.1128540039 0.0379118919 0.0127360262 4.0647058824 197 786 283
0.6757812500 0.3349609375 0.1121988297 0.0375822252 0.0125885774 4.0602055800 597 786 283
0.6762695312 0.3320312500 0.1102447510 0.0366047025 0.0121539051 4.0555555556 223 597 283
0.6767578125 0.3300781250 0.1089515686 0.0359625295 0.0118704443 4.0495626822 223 311 283
0.6772460938 0.3291015625 0.1083078384 0.0356442789 0.0117305879 4.0451237263 311 647 283
0.6777343750 0.3144531250 0.0988807678 0.0310933664 0.0097774062 4.2792022792 545 647 283
0.6782226562 0.3134765625 0.0982675552 0.0308045754 0.0096565124 4.2745376956 309 545 283
0.6787109375 0.3056640625 0.0934305191 0.0285583520 0.0087292619 4.3164556962 309 473 283
0.6791992188 0.3017578125 0.0910577774 0.0274773957 0.0082915188 4.3146853147 473 996 283
0.6796875000 0.2968750000 0.0881347656 0.0261650085 0.0077677369 4.3194444444 833 996 283
0.6801757812 0.2968750000 0.0881347656 0.0261650085 0.0077677369 4.3194444444 539 833 283
0.6806640625 0.2958984375 0.0875558853 0.0259076497 0.0076660331 4.3148404993 355 539 283
0.6811523438 0.2958984375 0.0875558853 0.0259076497 0.0076660331 4.3148404993 355 1021 283
0.6816406250 0.2949218750 0.0869789124 0.0256519839 0.0075653312 4.3102493075 895 1021 283
0.6821289062 0.2851562500 0.0813140869 0.0231872201 0.0066119807 4.3879781421 44 895 283
0.6826171875 0.2841796875 0.0807580948 0.0229498101 0.0065218699 4.3833560709 44 773 283
0.6831054688 0.2792968750 0.0780067444 0.0217870399 0.0060850522 4.3875338753 552 773 283
0.6835937500 0.2656250000 0.0705566406 0.0187416077 0.0049782395 4.5664893617 222 552 283
0.6840820312 0.2646484375 0.0700387955 0.0185356578 0.0049054329 4.5617529880 222 933 283
0.6845703125 0.2636718750 0.0695228577 0.0183312222 0.0048334277 4.5570291777 796 933 283
0.6850585938 0.2626953125 0.0690088272 0.0181282954 0.0047622182 4.5523178808 796 901 283
0.6855468750 0.2597656250 0.0674781799 0.0175285116 0.0045533048 4.5461741425 816 901 283
0.6860351562 0.1591796875 0.0253381729 0.0040333224 0.0006420230 16.3240418118 662 816 283
0.6865234375 0.1591796875 0.0253381729 0.0040333224 0.0006420230 16.0871080139 662 963 283
0.6870117188 0.1591796875 0.0253381729 0.0040333224 0.0006420230 15.8524970964 714 963 283
0.6875000000 0.1591796875 0.0253381729 0.0040333224 0.0006420230 14.5284552846 619 714 283
0.6879882812 0.1591796875 0.0253381729 0.0040333224 0.0006420230 12.9117305459 332 619 283
0.6884765625 0.1591796875 0.0253381729 0.0040333224 0.0006420230 12.7119628339 332 642 283
0.6889648438 0.1591796875 0.0253381729 0.0040333224 0.0006420230 11.2624854820 642 779 283
0.6894531250 0.1591796875 0.0253381729 0.0040333224 0.0006420230 11.2276422764 186 779 283
0.6899414062 0.1591796875 0.0253381729 0.0040333224 0.0006420230 11.2183507549 219 715 293
0.6904296875 0.1591796875 0.0253381729 0.0040333224 0.0006420230 11.1997677120 219 464 293
0.6909179688 0.1591796875 0.0253381729 0.0040333224 0.0006420230 11.1927990708 464 885 293
0.6914062500 0.1591796875 0.0253381729 0.0040333224 0.0006420230 11.1881533101 885 929 293
0.6918945312 0.1591796875 0.0253381729 0.0040333224 0.0006420230 11.1858304297 703 872 316
0.6923828125 0.1591796875 0.0253381729 0.0040333224 0.0006420230 11.0836236934 556 703 316
0.6928710938 0.1591796875 0.0253381729 0.0040333224 0.0006420230 11.0603948897 244 288 321
0.6933593750 0.1376953125 0.0189599991 0.0026107030 0.0003594816 11.3329558324 244 304 321
0.6938476562 0.1162109375 0.0135049820 0.0015694266 0.0001823845 11.5922651934 304 658 321
0.6943359375 0.1162109375 0.0135049820 0.0015694266 0.0001823845 11.5458563536 658 751 321
0.6948242188 0.1162109375 0.0135049820 0.0015694266 0.0001823845 11.4265193370 272 751 321
0.6953125000 0.1162109375 0.0135049820 0.0015694266 0.0001823845 11.2563535912 272 871 321
0.6958007812 0.1162109375 0.0135049820 0.0015694266 0.0001823845 11.2342541436 30 871 321
0.6962890625 0.1162109375 0.0135049820 0.0015694266 0.0001823845 11.2254143646 412 797 373
0.6967773438 0.1162109375 0.0135049820 0.0015694266 0.0001823845 11.2232044199 172 701 491
0.6972656250 0.1162109375 0.0135049820 0.0015694266 0.0001823845 8.9314917127 172 811 491
0.6977539062 0.1162109375 0.0135049820 0.0015694266 0.0001823845 8.7988950276 372 811 491
0.6982421875 0.1162109375 0.0135049820 0.0015694266 0.0001823845 6.8651933702 372 431 491
0.6987304688 0.1162109375 0.0135049820 0.0015694266 0.0001823845 6.6441988950 534 581 510
0.6992187500 0.1162109375 0.0135049820 0.0015694266 0.0001823845 6.5955801105 581 843 510
0.6997070312 0.1162109375 0.0135049820 0.0015694266 0.0001823845 6.5734806630 379 843 510
0.7001953125 0.1162109375 0.0135049820 0.0015694266 0.0001823845 6.5535911602 379 429 510
0.7006835938 0.1162109375 0.0135049820 0.0015694266 0.0001823845 6.5359116022 429 452 510
0.7011718750 0.1162109375 0.0135049820 0.0015694266 0.0001823845 6.5204419890 433 452 510
0.7016601562 0.1162109375 0.0135049820 0.0015694266 0.0001823845 6.5071823204 383 689 521
0.7021484375 0.0751953125 0.0056543350 0.0004251795 0.0000319715 8.0813093981 138 383 521
0.7026367188 0.0732421875 0.0053644180 0.0003929017 0.0000287770 8.0684931507 138 835 521
0.7031250000 0.0527343750 0.0027809143 0.0001466498 0.0000077335 8.3484536082 94 835 521
0.7036132812 0.0517578125 0.0026788712 0.0001386525 0.0000071764 8.3408856849 94 615 521
0.7041015625 0.0439453125 0.0019311905 0.0000848668 0.0000037295 8.3381001021 12 615 521
0.7045898438 0.0429687500 0.0018463135 0.0000793338 0.0000034089 8.3306122449 12 837 521
0.7050781250 0.0419921875 0.0017633438 0.0000740467 0.0000031094 8.3231396534 837 951 521
0.7055664062 0.0410156250 0.0016822815 0.0000689998 0.0000028301 8.1568228106 297 951 521
0.7060546875 0.0410156250 0.0016822815 0.0000689998 0.0000028301 8.0773930754 297 643 521
0.7065429688 0.0410156250 0.0016822815 0.0000689998 0.0000028301 8.0000000000 450 643 521
0.7070312500 0.0410156250 0.0016822815 0.0000689998 0.0000028301 7.2729124236 450 759 521
0.7075195312 0.0410156250 0.0016822815 0.0000689998 0.0000028301 7.2321792261 460 759 521
0.7080078125 0.0410156250 0.0016822815 0.0000689998 0.0000028301 7.0794297352 287 460 521
0.7084960938 0.0410156250 0.0016822815 0.0000689998 0.0000028301 7.0509164969 287 549 521
0.7089843750 0.0410156250 0.0016822815 0.0000689998 0.0000028301 7.0020366599 495 604 725
0.7094726562 0.0410156250 0.0016822815 0.0000689998 0.0000028301 6.9938900204 188 604 725
0.7099609375 0.0410156250 0.0016822815 0.0000689998 0.0000028301 6.9877800407 586 757 1078
0.7104492188 0.0371093750 0.0013771057 0.0000511035 0.0000018964 6.9756592292 488 586 1078
0.7109375000 0.0361328125 0.0013055801 0.0000471743 0.0000017045 6.9696048632 22 488 1078
0.7114257812 0.0341796875 0.0011682510 0.0000399305 0.0000013648 6.7775530839 22 256 1078
0.7119140625 0.0341796875 0.0011682510 0.0000399305 0.0000013648 6.7148634985 256 794 1078
0.7124023438 0.0341796875 0.0011682510 0.0000399305 0.0000013648 6.6541961577 268 794 1078
0.7128906250 0.0341796875 0.0011682510 0.0000399305 0.0000013648 6.5955510617 268 760 1078
0.7133789062 0.0341796875 0.0011682510 0.0000399305 0.0000013648 6.5389282103 155 760 1078
0.7138671875 0.0341796875 0.0011682510 0.0000399305 0.0000013648 6.4843276036 134 155 1078
0.7143554688 0.0341796875 0.0011682510 0.0000399305 0.0000013648 6.1203235592 134 426 1078
0.7148437500 0.0341796875 0.0011682510 0.0000399305 0.0000013648 6.0677451972 190 426 1078
0.7153320312 0.0341796875 0.0011682510 0.0000399305 0.0000013648 6.0434782609 190 238 1078
0.7158203125 0.0341796875 0.0011682510 0.0000399305 0.0000013648 6.0212335693 238 293 1078
0.7163085938 0.0341796875 0.0011682510 0.0000399305 0.0000013648 6.0010111223 293 689 1078
0.7167968750 0.0341796875 0.0011682510 0.0000399305 0.0000013648 5.9585439838 689 952 1078
0.7172851562 0.0341796875 0.0011682510 0.0000399305 0.0000013648 5.9464105157 72 952 1078
0.7177734375 0.0341796875 0.0011682510 0.0000399305 0.0000013648 5.9282103134 72 513 1078
0.7182617188 0.0341796875 0.0011682510 0.0000399305 0.0000013648 5.9241658241 693 971 1178
0.7187500000 0.0341796875 0.0011682510 0.0000399305 0.0000013648 5.9019211325 210 971 1178
0.7192382812 0.0341796875 0.0011682510 0.0000399305 0.0000013648 5.8816986855 210 764 1178
0.7197265625 0.0341796875 0.0011682510 0.0000399305 0.0000013648 5.8493427705 155 764 1178
0.7202148438 0.0341796875 0.0011682510 0.0000399305 0.0000013648 5.8351870576 339 425 1268
0.7207031250 0.0341796875 0.0011682510 0.0000399305 0.0000013648 5.6835187058 160 339 1268
0.7211914062 0.0341796875 0.0011682510 0.0000399305 0.0000013648 5.5702730030 160 978 1268
0.7216796875 0.0341796875 0.0011682510 0.0000399305 0.0000013648 5.5460060667 395 846 2304
0.7221679688 0.0341796875 0.0011682510 0.0000399305 0.0000013648 5.4914054601 395 803 2304
0.7226562500 0.0341796875 0.0011682510 0.0000399305 0.0000013648 5.4752275025 91 623 2517
0.7231445312 0.0341796875 0.0011682510 0.0000399305 0.0000013648 5.4590495450 623 1017 2517
0.7236328125 0.0341796875 0.0011682510 0.0000399305 0.0000013648 5.4529828109 711 1017 2517
0.7241210938 0.0341796875 0.0011682510 0.0000399305 0.0000013648 5.4489383215 462 570 2973
0.7246093750 0.0341796875 0.0011682510 0.0000399305 0.0000013648 5.3073811931 41 462 2973
0.7250976562 0.0341796875 0.0011682510 0.0000399305 0.0000013648 5.2750252781 41 391 2973
0.7255859375 0.0341796875 0.0011682510 0.0000399305 0.0000013648 5.2608695652 294 391 2973
0.7260742188 0.0341796875 0.0011682510 0.0000399305 0.0000013648 5.2406471183 294 812 2973
0.7265625000 0.0341796875 0.0011682510 0.0000399305 0.0000013648 5.2386248736 29 482 3201
0.7270507812 0.0341796875 0.0011682510 0.0000399305 0.0000013648 5.2285136502 29 947 3201
0.7275390625 0.0341796875 0.0011682510 0.0000399305 0.0000013648 5.2163801820 86 947 3201
0.7280273438 0.0341796875 0.0011682510 0.0000399305 0.0000013648 5.2123356926 157 915 3386
0.7285156250 0.0341796875 0.0011682510 0.0000399305 0.0000013648 5.2103134479 93 697 3607
0.7290039062 0.0341796875 0.0011682510 0.0000399305 0.0000013648 5.1334681496 357 697 3607
0.7294921875 0.0341796875 0.0011682510 0.0000399305 0.0000013648 5.0970677452 357 543 3607
0.7299804688 0.0341796875 0.0011682510 0.0000399305 0.0000013648 5.0626895854 435 543 3607
0.7304687500 0.0341796875 0.0011682510 0.0000399305 0.0000013648 5.0303336704 435 468 3607
0.7309570312 0.0341796875 0.0011682510 0.0000399305 0.0000013648 5.0000000000 138 468 3607
0.7314453125 0.0341796875 0.0011682510 0.0000399305 0.0000013648 4.9474216380 138 550 3607
0.7319335938 0.0341796875 0.0011682510 0.0000399305 0.0000013648 4.8665318504 550 999 3607
0.7324218750 0.0341796875 0.0011682510 0.0000399305 0.0000013648 4.8523761375 415 999 3607
0.7329101562 0.0341796875 0.0011682510 0.0000399305 0.0000013648 4.8402426694 236 944 3621
0.7333984375 0.0341796875 0.0011682510 0.0000399305 0.0000013648 4.8139534884 84 189 3634
0.7338867188 0.0341796875 0.0011682510 0.0000399305 0.0000013648 4.8058645096 189 685 3634
0.7343750000 0.0341796875 0.0011682510 0.0000399305 0.0000013648 4.8038422649 558 1009 3668
0.7348632812 0.0244140625 0.0005960464 0.0000145519 0.0000003553 4.8558558559 864 1009 3668
0.7353515625 0.0224609375 0.0005044937 0.0000113314 0.0000002545 4.8501498501 864 1022 3668
0.7358398438 0.0214843750 0.0004615784 0.0000099167 0.0000002131 4.8463073852 1012 1022 3668
0.7363281250 0.0214843750 0.0004615784 0.0000099167 0.0000002131 4.8043912176 710 1012 3668
0.7368164062 0.0214843750 0.0004615784 0.0000099167 0.0000002131 4.7644710579 710 790 3668
0.7373046875 0.0214843750 0.0004615784 0.0000099167 0.0000002131 4.7265469062 728 790 3668
0.7377929688 0.0214843750 0.0004615784 0.0000099167 0.0000002131 4.6906187625 728 741 3668
0.7382812500 0.0214843750 0.0004615784 0.0000099167 0.0000002131 4.6566866267 741 987 3668
0.7387695312 0.0214843750 0.0004615784 0.0000099167 0.0000002131 4.6247504990 296 987 3668
0.7392578125 0.0214843750 0.0004615784 0.0000099167 0.0000002131 4.5688622754 296 523 3668
0.7397460938 0.0214843750 0.0004615784 0.0000099167 0.0000002131 4.5209580838 523 1015 3668
0.7402343750 0.0214843750 0.0004615784 0.0000099167 0.0000002131 4.4570858283 193 1015 3668
0.7407226562 0.0214843750 0.0004615784 0.0000099167 0.0000002131 4.4510978044 193 232 3668
0.7412109375 0.0214843750 0.0004615784 0.0000099167 0.0000002131 4.4471057884 397 658 4036
0.7416992188 0.0214843750 0.0004615784 0.0000099167 0.0000002131 4.4431137725 27 397 4036
0.7421875000 0.0214843750 0.0004615784 0.0000099167 0.0000002131 4.4411177645 702 761 4177
0.7426757812 0.0195312500 0.0003814697 0.0000074506 0.0000001455 4.4362549801 407 702 4177
0.7431640625 0.0185546875 0.0003442764 0.0000063879 0.0000001185 4.4328358209 407 834 4177
0.7436523438 0.0175781250 0.0003089905 0.0000054315 0.0000000955 4.4294234592 356 834 4177
0.7441406250 0.0166015625 0.0002756119 0.0000045756 0.0000000760 4.3068520357 81 356 4177
0.7446289062 0.0166015625 0.0002756119 0.0000045756 0.0000000760 4.2711022840 81 789 4177
0.7451171875 0.0166015625 0.0002756119 0.0000045756 0.0000000760 4.2691161867 31 604 4657
0.7456054688 0.0166015625 0.0002756119 0.0000045756 0.0000000760 4.2651439921 7 604 4657
0.7460937500 0.0166015625 0.0002756119 0.0000045756 0.0000000760 4.2631578947 817 900 5145
0.7465820312 0.0166015625 0.0002756119 0.0000045756 0.0000000760 4.2135054618 583 900 5145
0.7470703125 0.0166015625 0.0002756119 0.0000045756 0.0000000760 4.2015888779 348 583 5145
0.7475585938 0.0166015625 0.0002756119 0.0000045756 0.0000000760 4.1996027805 524 990 5386
0.7480468750 0.0166015625 0.0002756119 0.0000045756 0.0000000760 4.1757696127 524 743 5386
0.7485351562 0.0166015625 0.0002756119 0.0000045756 0.0000000760 4.1578947368 743 882 5386
0.7490234375 0.0166015625 0.0002756119 0.0000045756 0.0000000760 4.1539225422 447 1013 5469
0.7495117188 0.0166015625 0.0002756119 0.0000045756 0.0000000760 4.1300893744 94 447 5469
0.7500000000 0.0166015625 0.0002756119 0.0000045756 0.0000000760 4.1201588878 130 336 5641
0.7504882812 0.0166015625 0.0002756119 0.0000045756 0.0000000760 4.0883813307 130 195 5641
0.7509765625 0.0166015625 0.0002756119 0.0000045756 0.0000000760 4.0863952334 289 856 5960
0.7514648438 0.0166015625 0.0002756119 0.0000045756 0.0000000760 4.0148957299 289 680 5960
0.7519531250 0.0166015625 0.0002756119 0.0000045756 0.0000000760 4.0109235353 959 983 6987
0.7524414062 0.0166015625 0.0002756119 0.0000045756 0.0000000760 4.0069513406 506 959 6987
0.7529296875 0.0166015625 0.0002756119 0.0000045756 0.0000000760 4.0049652433 559 727 7412
0.7534179688 0.0166015625 0.0002756119 0.0000045756 0.0000000760 3.9831181728 559 1011 7412
0.7539062500 0.0166015625 0.0002756119 0.0000045756 0.0000000760 3.9354518371 867 1011 7412
0.7543945312 0.0166015625 0.0002756119 0.0000045756 0.0000000760 3.9056603774 299 867 7412
0.7548828125 0.0166015625 0.0002756119 0.0000045756 0.0000000760 3.8937437934 85 299 7412
0.7553710938 0.0166015625 0.0002756119 0.0000045756 0.0000000760 3.8917576961 132 733 7644
0.7558593750 0.0166015625 0.0002756119 0.0000045756 0.0000000760 3.8738828203 645 758 8590
0.7563476562 0.0166015625 0.0002756119 0.0000045756 0.0000000760 3.8639523337 167 914 9310
0.7568359375 0.0166015625 0.0002756119 0.0000045756 0.0000000760 3.8599801390 430 624 10452
0.7573242188 0.0166015625 0.0002756119 0.0000045756 0.0000000760 3.8540218471 334 934 11126
0.7578125000 0.0166015625 0.0002756119 0.0000045756 0.0000000760 3.8361469712 334 686 11126
0.7583007812 0.0166015625 0.0002756119 0.0000045756 0.0000000760 3.8321747766 92 627 11283
0.7587890625 0.0166015625 0.0002756119 0.0000045756 0.0000000760 3.8142999007 276 679 11446
0.7592773438 0.0166015625 0.0002756119 0.0000045756 0.0000000760 3.8103277061 276 457 11446
0.7597656250 0.0166015625 0.0002756119 0.0000045756 0.0000000760 3.8083416087 104 918 12015
0.7602539062 0.0166015625 0.0002756119 0.0000045756 0.0000000760 3.7725918570 669 918 12015
0.7607421875 0.0166015625 0.0002756119 0.0000045756 0.0000000760 3.7686196624 372 974 12735
0.7612304688 0.0166015625 0.0002756119 0.0000045756 0.0000000760 3.7567030785 892 974 12735
0.7617187500 0.0166015625 0.0002756119 0.0000045756 0.0000000760 3.7547169811 580 752 13115
0.7622070312 0.0166015625 0.0002756119 0.0000045756 0.0000000760 3.7388282026 148 752 13115
0.7626953125 0.0166015625 0.0002756119 0.0000045756 0.0000000760 3.7249255214 13 359 13509
0.7631835938 0.0166015625 0.0002756119 0.0000045756 0.0000000760 3.7090367428 359 746 13509
0.7636718750 0.0166015625 0.0002756119 0.0000045756 0.0000000760 3.7070506455 179 196 13591
0.7641601562 0.0166015625 0.0002756119 0.0000045756 0.0000000760 3.6991062562 179 897 13591
0.7646484375 0.0166015625 0.0002756119 0.0000045756 0.0000000760 3.6931479643 44 897 13591
0.7651367188 0.0166015625 0.0002756119 0.0000045756 0.0000000760 3.6891757696 636 1004 13682
0.7656250000 0.0166015625 0.0002756119 0.0000045756 0.0000000760 3.6732869911 370 636 13682
0.7661132812 0.0166015625 0.0002756119 0.0000045756 0.0000000760 3.6415094340 354 370 13682
0.7666015625 0.0166015625 0.0002756119 0.0000045756 0.0000000760 3.6355511420 548 729 13791
0.7670898438 0.0166015625 0.0002756119 0.0000045756 0.0000000760 3.5839126117 4 548 13791
0.7675781250 0.0166015625 0.0002756119 0.0000045756 0.0000000760 3.5044687190 271 707 13861
0.7680664062 0.0166015625 0.0002756119 0.0000045756 0.0000000760 3.4548162860 707 1001 13861
0.7685546875 0.0166015625 0.0002756119 0.0000045756 0.0000000760 3.4468718967 261 1001 13861
0.7690429688 0.0166015625 0.0002756119 0.0000045756 0.0000000760 3.4409136048 245 261 13861
0.7695312500 0.0166015625 0.0002756119 0.0000045756 0.0000000760 3.4369414101 335 733 14024
0.7700195312 0.0166015625 0.0002756119 0.0000045756 0.0000000760 3.4250248262 66 128 14108
0.7705078125 0.0166015625 0.0002756119 0.0000045756 0.0000000760 3.3614697120 128 215 14108
0.7709960938 0.0166015625 0.0002756119 0.0000045756 0.0000000760 3.3535253227 215 989 14108
0.7714843750 0.0166015625 0.0002756119 0.0000045756 0.0000000760 3.3515392254 598 701 14300
0.7719726562 0.0126953125 0.0001611710 0.0000020461 0.0000000260 3.3145400593 154 701 14300
0.7724609375 0.0126953125 0.0001611710 0.0000020461 0.0000000260 3.2828882295 154 998 14300
0.7729492188 0.0126953125 0.0001611710 0.0000020461 0.0000000260 3.2749752720 218 574 14462
0.7734375000 0.0126953125 0.0001611710 0.0000020461 0.0000000260 3.2670623145 218 961 14462
0.7739257812 0.0126953125 0.0001611710 0.0000020461 0.0000000260 3.2591493571 473 961 14462
0.7744140625 0.0126953125 0.0001611710 0.0000020461 0.0000000260 3.2571711177 263 544 14514
0.7749023438 0.0126953125 0.0001611710 0.0000020461 0.0000000260 3.2334322453 263 857 14514
0.7753906250 0.0126953125 0.0001611710 0.0000020461 0.0000000260 3.2176063304 505 857 14514
0.7758789062 0.0126953125 0.0001611710 0.0000020461 0.0000000260 3.2116716123 214 611 14650
0.7763671875 0.0126953125 0.0001611710 0.0000020461 0.0000000260 3.1523244313 214 850 14650
0.7768554688 0.0126953125 0.0001611710 0.0000020461 0.0000000260 3.1404549951 250 850 14650
0.7773437500 0.0126953125 0.0001611710 0.0000020461 0.0000000260 3.1364985163 250 471 14650
0.7778320312 0.0126953125 0.0001611710 0.0000020461 0.0000000260 3.1345202770 161 316 15751
0.7783203125 0.0126953125 0.0001611710 0.0000020461 0.0000000260 3.1266073195 185 548 17323
0.7788085938 0.0126953125 0.0001611710 0.0000020461 0.0000000260 3.1127596439 185 587 17323
0.7792968750 0.0126953125 0.0001611710 0.0000020461 0.0000000260 3.1008902077 311 587 17323
0.7797851562 0.0126953125 0.0001611710 0.0000020461 0.0000000260 3.0850642928 311 657 17323
0.7802734375 0.0126953125 0.0001611710 0.0000020461 0.0000000260 3.0791295747 657 922 17323
0.7807617188 0.0126953125 0.0001611710 0.0000020461 0.0000000260 3.0751730959 496 922 17323
0.7812500000 0.0126953125 0.0001611710 0.0000020461 0.0000000260 3.0731948566 333 830 17534
0.7817382812 0.0126953125 0.0001611710 0.0000020461 0.0000000260 3.0553907023 211 792 17943
0.7822265625 0.0126953125 0.0001611710 0.0000020461 0.0000000260 3.0316518299 562 792 17943
0.7827148438 0.0126953125 0.0001611710 0.0000020461 0.0000000260 3.0217606330 270 562 17943
0.7832031250 0.0126953125 0.0001611710 0.0000020461 0.0000000260 3.0138476756 118 270 17943
0.7836914062 0.0126953125 0.0001611710 0.0000020461 0.0000000260 3.0079129575 453 982 18046
0.7841796875 0.0126953125 0.0001611710 0.0000020461 0.0000000260 3.0019782394 766 1008 18542
0.7846679688 0.0126953125 0.0001611710 0.0000020461 0.0000000260 2.9920870425 290 766 18542
0.7851562500 0.0126953125 0.0001611710 0.0000020461 0.0000000260 2.9802176063 104 290 18542
0.7856445312 0.0126953125 0.0001611710 0.0000020461 0.0000000260 2.9762611276 104 718 18542
0.7861328125 0.0126953125 0.0001611710 0.0000020461 0.0000000260 2.9742828882 221 377 19129
0.7866210938 0.0126953125 0.0001611710 0.0000020461 0.0000000260 2.9663699308 377 813 19129
0.7871093750 0.0126953125 0.0001611710 0.0000020461 0.0000000260 2.9643916914 295 714 19259
0.7875976562 0.0126953125 0.0001611710 0.0000020461 0.0000000260 2.9604352127 270 714 19259
0.7880859375 0.0126953125 0.0001611710 0.0000020461 0.0000000260 2.9584569733 242 968 19721
0.7885742188 0.0126953125 0.0001611710 0.0000020461 0.0000000260 2.9050445104 716 968 19721
0.7890625000 0.0126953125 0.0001611710 0.0000020461 0.0000000260 2.8892185955 829 858 20930
0.7895507812 0.0126953125 0.0001611710 0.0000020461 0.0000000260 2.8753709199 456 829 20930
0.7900390625 0.0126953125 0.0001611710 0.0000020461 0.0000000260 2.8555885262 341 456 20930
0.7905273438 0.0126953125 0.0001611710 0.0000020461 0.0000000260 2.8536102868 64 312 23478
0.7910156250 0.0126953125 0.0001611710 0.0000020461 0.0000000260 2.8516320475 485 939 24985
0.7915039062 0.0126953125 0.0001611710 0.0000020461 0.0000000260 2.8377843719 198 485 24985
0.7919921875 0.0126953125 0.0001611710 0.0000020461 0.0000000260 2.8259149357 198 856 24985
0.7924804688 0.0126953125 0.0001611710 0.0000020461 0.0000000260 2.8160237389 126 288 25140
0.7929687500 0.0126953125 0.0001611710 0.0000020461 0.0000000260 2.7922848665 126 834 25140
0.7934570312 0.0126953125 0.0001611710 0.0000020461 0.0000000260 2.7863501484 300 608 25294
0.7939453125 0.0126953125 0.0001611710 0.0000020461 0.0000000260 2.7764589515 668 699 26058
0.7944335938 0.0126953125 0.0001611710 0.0000020461 0.0000000260 2.7487636004 699 1023 26058
0.7949218750 0.0126953125 0.0001611710 0.0000020461 0.0000000260 2.7368941642 523 742 26334
0.7954101562 0.0126953125 0.0001611710 0.0000020461 0.0000000260 2.7131552918 87 523 26334
0.7958984375 0.0126953125 0.0001611710 0.0000020461 0.0000000260 2.7032640950 87 446 26334
0.7963867188 0.0126953125 0.0001611710 0.0000020461 0.0000000260 2.6953511375 231 645 26531
0.7968750000 0.0126953125 0.0001611710 0.0000020461 0.0000000260 2.6834817013 224 231 26531
0.7973632812 0.0126953125 0.0001611710 0.0000020461 0.0000000260 2.6795252226 224 879 26531
0.7978515625 0.0126953125 0.0001611710 0.0000020461 0.0000000260 2.6775469832 511 871 27010
0.7983398438 0.0126953125 0.0001611710 0.0000020461 0.0000000260 2.6716122651 511 827 27010
0.7988281250 0.0126953125 0.0001611710 0.0000020461 0.0000000260 2.6676557864 477 827 27010
0.7993164062 0.0126953125 0.0001611710 0.0000020461 0.0000000260 2.6656775470 139 409 27540
0.7998046875 0.0126953125 0.0001611710 0.0000020461 0.0000000260 2.6498516320 151 499 27938
0.8002929688 0.0107421875 0.0001153946 0.0000012396 0.0000000133 2.6327739388 499 1005 27938
0.8007812500 0.0107421875 0.0001153946 0.0000012396 0.0000000133 2.6011846002 960 1005 27938
0.8012695312 0.0107421875 0.0001153946 0.0000012396 0.0000000133 2.5873642646 904 960 27938
0.8017578125 0.0107421875 0.0001153946 0.0000012396 0.0000000133 2.5755182626 739 904 27938
0.8022460938 0.0107421875 0.0001153946 0.0000012396 0.0000000133 2.5656465943 739 924 27938
0.8027343750 0.0107421875 0.0001153946 0.0000012396 0.0000000133 2.5538005923 441 924 27938
0.8032226562 0.0107421875 0.0001153946 0.0000012396 0.0000000133 2.5498519250 653 862 27973
0.8037109375 0.0107421875 0.0001153946 0.0000012396 0.0000000133 2.5399802567 63 653 27973
0.8041992188 0.0107421875 0.0001153946 0.0000012396 0.0000000133 2.5320829220 153 734 28250
0.8046875000 0.0107421875 0.0001153946 0.0000012396 0.0000000133 2.5281342547 2 734 28250
0.8051757812 0.0107421875 0.0001153946 0.0000012396 0.0000000133 2.5261599210 413 883 28751
0.8056640625 0.0107421875 0.0001153946 0.0000012396 0.0000000133 2.5241855874 411 428 28885
0.8061523438 0.0107421875 0.0001153946 0.0000012396 0.0000000133 2.5162882527 588 847 29080
0.8066406250 0.0107421875 0.0001153946 0.0000012396 0.0000000133 2.5123395854 494 704 29348
0.8071289062 0.0107421875 0.0001153946 0.0000012396 0.0000000133 2.5004935834 494 1018 29348
0.8076171875 0.0107421875 0.0001153946 0.0000012396 0.0000000133 2.4965449161 993 1018 29348
0.8081054688 0.0107421875 0.0001153946 0.0000012396 0.0000000133 2.4945705824 99 539 30019
0.8085937500 0.0097656250 0.0000953674 0.0000009313 0.0000000091 2.4930966469 539 805 30019
0.8090820312 0.0097656250 0.0000953674 0.0000009313 0.0000000091 2.4930966469 88 805 30019
0.8095703125 0.0087890625 0.0000772476 0.0000006789 0.0000000060 2.4916256158 612 629 30653
0.8100585938 0.0087890625 0.0000772476 0.0000006789 0.0000000060 2.4837438424 529 612 30653
0.8105468750 0.0087890625 0.0000772476 0.0000006789 0.0000000060 2.4817733990 333 555 32031
0.8110351562 0.0087890625 0.0000772476 0.0000006789 0.0000000060 2.4423645320 253 555 32031
0.8115234375 0.0087890625 0.0000772476 0.0000006789 0.0000000060 2.4364532020 253 442 32031
0.8120117188 0.0087890625 0.0000772476 0.0000006789 0.0000000060 2.4325123153 320 860 32123
0.8125000000 0.0087890625 0.0000772476 0.0000006789 0.0000000060 2.4187192118 320 424 32123
0.8129882812 0.0087890625 0.0000772476 0.0000006789 0.0000000060 2.3950738916 115 424 32123
0.8134765625 0.0087890625 0.0000772476 0.0000006789 0.0000000060 2.3891625616 228 539 32542
0.8139648438 0.0078125000 0.0000610352 0.0000004768 0.0000000037 2.3877952756 228 805 32542
0.8144531250 0.0078125000 0.0000610352 0.0000004768 0.0000000037 2.3740157480 751 805 32542
0.8149414062 0.0078125000 0.0000610352 0.0000004768 0.0000000037 2.3622047244 507 751 32542
0.8154296875 0.0078125000 0.0000610352 0.0000004768 0.0000000037 2.3464566929 398 507 32542
0.8159179688 0.0078125000 0.0000610352 0.0000004768 0.0000000037 2.3405511811 398 422 32542
0.8164062500 0.0078125000 0.0000610352 0.0000004768 0.0000000037 2.3366141732 47 422 32542
0.8168945312 0.0078125000 0.0000610352 0.0000004768 0.0000000037 2.3346456693 302 804 32548
0.8173828125 0.0078125000 0.0000610352 0.0000004768 0.0000000037 2.3307086614 135 546 32880
0.8178710938 0.0078125000 0.0000610352 0.0000004768 0.0000000037 2.3287401575 838 912 33281
0.8183593750 0.0078125000 0.0000610352 0.0000004768 0.0000000037 2.3051181102 838 849 33281
0.8188476562 0.0078125000 0.0000610352 0.0000004768 0.0000000037 2.2992125984 468 609 33348
0.8193359375 0.0078125000 0.0000610352 0.0000004768 0.0000000037 2.2972440945 176 923 33672
0.8198242188 0.0078125000 0.0000610352 0.0000004768 0.0000000037 2.2893700787 175 176 33672
0.8203125000 0.0078125000 0.0000610352 0.0000004768 0.0000000037 2.2834645669 175 654 33672
0.8208007812 0.0078125000 0.0000610352 0.0000004768 0.0000000037 2.2795275591 622 704 35075
0.8212890625 0.0078125000 0.0000610352 0.0000004768 0.0000000037 2.2775590551 424 854 35735
0.8217773438 0.0078125000 0.0000610352 0.0000004768 0.0000000037 2.2736220472 576 934 37020
0.8222656250 0.0078125000 0.0000610352 0.0000004768 0.0000000037 2.2696850394 230 576 37020
0.8227539062 0.0078125000 0.0000610352 0.0000004768 0.0000000037 2.2677165354 28 438 40983
0.8232421875 0.0078125000 0.0000610352 0.0000004768 0.0000000037 2.2598425197 28 356 40983
0.8237304688 0.0078125000 0.0000610352 0.0000004768 0.0000000037 2.2578740157 851 865 41939
0.8242187500 0.0078125000 0.0000610352 0.0000004768 0.0000000037 2.2539370079 367 851 41939
0.8247070312 0.0078125000 0.0000610352 0.0000004768 0.0000000037 2.2519685039 234 968 42115
0.8251953125 0.0078125000 0.0000610352 0.0000004768 0.0000000037 2.2401574803 198 968 42115
0.8256835938 0.0078125000 0.0000610352 0.0000004768 0.0000000037 2.2381889764 500 683 42742
0.8261718750 0.0078125000 0.0000610352 0.0000004768 0.0000000037 2.2145669291 149 500 42742
0.8266601562 0.0078125000 0.0000610352 0.0000004768 0.0000000037 2.2086614173 192 216 43569
0.8271484375 0.0078125000 0.0000610352 0.0000004768 0.0000000037 2.2066929134 303 430 45884
0.8276367188 0.0078125000 0.0000610352 0.0000004768 0.0000000037 2.2027559055 168 180 46739
0.8281250000 0.0078125000 0.0000610352 0.0000004768 0.0000000037 2.2007874016 111 873 46808
0.8286132812 0.0078125000 0.0000610352 0.0000004768 0.0000000037 2.1830708661 117 873 46808
0.8291015625 0.0078125000 0.0000610352 0.0000004768 0.0000000037 2.1791338583 40 564 46900
0.8295898438 0.0078125000 0.0000610352 0.0000004768 0.0000000037 2.1771653543 271 481 49813
0.8300781250 0.0078125000 0.0000610352 0.0000004768 0.0000000037 2.1653543307 271 673 49813
0.8305664062 0.0078125000 0.0000610352 0.0000004768 0.0000000037 2.1614173228 166 332 50347
0.8310546875 0.0078125000 0.0000610352 0.0000004768 0.0000000037 2.1476377953 147 166 50347
0.8315429688 0.0078125000 0.0000610352 0.0000004768 0.0000000037 2.1358267717 147 319 50347
0.8320312500 0.0078125000 0.0000610352 0.0000004768 0.0000000037 2.1259842520 76 573 52431
0.8325195312 0.0078125000 0.0000610352 0.0000004768 0.0000000037 2.1200787402 66 455 53008
0.8330078125 0.0078125000 0.0000610352 0.0000004768 0.0000000037 2.1122047244 66 829 53008
0.8334960938 0.0078125000 0.0000610352 0.0000004768 0.0000000037 2.1043307087 416 829 53008
0.8339843750 0.0078125000 0.0000610352 0.0000004768 0.0000000037 2.1023622047 713 793 53460
0.8344726562 0.0078125000 0.0000610352 0.0000004768 0.0000000037 2.0925196850 611 713 53460
0.8349609375 0.0078125000 0.0000610352 0.0000004768 0.0000000037 2.0846456693 766 1024 53982
0.8354492188 0.0078125000 0.0000610352 0.0000004768 0.0000000037 2.0826771654 400 855 56275
0.8359375000 0.0078125000 0.0000610352 0.0000004768 0.0000000037 2.0807086614 872 909 56457
0.8364257812 0.0078125000 0.0000610352 0.0000004768 0.0000000037 2.0767716535 453 909 56457
0.8369140625 0.0078125000 0.0000610352 0.0000004768 0.0000000037 2.0748031496 514 893 58845
0.8374023438 0.0078125000 0.0000610352 0.0000004768 0.0000000037 2.0728346457 201 380 59875
0.8378906250 0.0078125000 0.0000610352 0.0000004768 0.0000000037 2.0669291339 558 907 62557
0.8383789062 0.0078125000 0.0000610352 0.0000004768 0.0000000037 2.0551181102 558 972 62557
0.8388671875 0.0078125000 0.0000610352 0.0000004768 0.0000000037 2.0531496063 273 998 63405
0.8393554688 0.0078125000 0.0000610352 0.0000004768 0.0000000037 2.0511811024 133 503 66069
0.8398437500 0.0078125000 0.0000610352 0.0000004768 0.0000000037 2.0433070866 503 757 66069
0.8403320312 0.0078125000 0.0000610352 0.0000004768 0.0000000037 2.0413385827 259 755 66483
0.8408203125 0.0078125000 0.0000610352 0.0000004768 0.0000000037 2.0393700787 458 796 67574
0.8413085938 0.0078125000 0.0000610352 0.0000004768 0.0000000037 2.0354330709 162 458 67574
0.8417968750 0.0078125000 0.0000610352 0.0000004768 0.0000000037 2.0334645669 389 861 68341
0.8422851562 0.0078125000 0.0000610352 0.0000004768 0.0000000037 2.0295275591 33 389 68341
0.8427734375 0.0078125000 0.0000610352 0.0000004768 0.0000000037 2.0275590551 717 987 69714
0.8432617188 0.0078125000 0.0000610352 0.0000004768 0.0000000037 2.0255905512 6 126 69945
0.8437500000 0.0078125000 0.0000610352 0.0000004768 0.0000000037 2.0216535433 806 839 70550
0.8442382812 0.0068359375 0.0000467300 0.0000003194 0.0000000022 2.0206489676 806 878 70550
0.8447265625 0.0068359375 0.0000467300 0.0000003194 0.0000000022 2.0088495575 291 878 70550
0.8452148438 0.0068359375 0.0000467300 0.0000003194 0.0000000022 1.9990167158 116 291 70550
0.8457031250 0.0068359375 0.0000467300 0.0000003194 0.0000000022 1.9911504425 116 336 70550
0.8461914062 0.0068359375 0.0000467300 0.0000003194 0.0000000022 1.9852507375 308 751 74022
0.8466796875 0.0068359375 0.0000467300 0.0000003194 0.0000000022 1.9832841691 90 799 74560
0.8471679688 0.0068359375 0.0000467300 0.0000003194 0.0000000022 1.9793510324 90 681 74560
0.8476562500 0.0068359375 0.0000467300 0.0000003194 0.0000000022 1.9773844641 392 587 74728
0.8481445312 0.0068359375 0.0000467300 0.0000003194 0.0000000022 1.9754178958 108 643 78842
0.8486328125 0.0058593750 0.0000343323 0.0000002012 0.0000000012 1.9666011788 108 667 78842
0.8491210938 0.0058593750 0.0000343323 0.0000002012 0.0000000012 1.9587426326 335 703 79261
0.8496093750 0.0058593750 0.0000343323 0.0000002012 0.0000000012 1.9430255403 590 703 79261
0.8500976562 0.0058593750 0.0000343323 0.0000002012 0.0000000012 1.9371316306 229 590 79261
0.8505859375 0.0058593750 0.0000343323 0.0000002012 0.0000000012 1.9332023576 241 541 81626
0.8510742188 0.0058593750 0.0000343323 0.0000002012 0.0000000012 1.9253438114 124 241 81626
0.8515625000 0.0058593750 0.0000343323 0.0000002012 0.0000000012 1.9233791749 252 785 81635
0.8520507812 0.0058593750 0.0000343323 0.0000002012 0.0000000012 1.9115913556 568 610 81647
0.8525390625 0.0058593750 0.0000343323 0.0000002012 0.0000000012 1.9037328094 568 682 81647
0.8530273438 0.0058593750 0.0000343323 0.0000002012 0.0000000012 1.9017681729 385 832 82015
0.8535156250 0.0058593750 0.0000343323 0.0000002012 0.0000000012 1.8939096267 53 832 82015
0.8540039062 0.0058593750 0.0000343323 0.0000002012 0.0000000012 1.8860510806 53 165 82015
0.8544921875 0.0058593750 0.0000343323 0.0000002012 0.0000000012 1.8840864440 65 653 83444
0.8549804688 0.0058593750 0.0000343323 0.0000002012 0.0000000012 1.8781925344 65 202 83444
0.8554687500 0.0058593750 0.0000343323 0.0000002012 0.0000000012 1.8742632613 220 569 83605
0.8559570312 0.0058593750 0.0000343323 0.0000002012 0.0000000012 1.8683693517 200 867 83757
0.8564453125 0.0058593750 0.0000343323 0.0000002012 0.0000000012 1.8644400786 147 532 83876
0.8569335938 0.0058593750 0.0000343323 0.0000002012 0.0000000012 1.8526522593 305 532 83876
0.8574218750 0.0058593750 0.0000343323 0.0000002012 0.0000000012 1.8506876228 262 288 86079
0.8579101562 0.0058593750 0.0000343323 0.0000002012 0.0000000012 1.8467583497 278 365 86902
0.8583984375 0.0058593750 0.0000343323 0.0000002012 0.0000000012 1.8447937132 642 931 88271
0.8588867188 0.0058593750 0.0000343323 0.0000002012 0.0000000012 1.8408644401 361 808 89789
0.8593750000 0.0058593750 0.0000343323 0.0000002012 0.0000000012 1.8251473477 361 472 89789
0.8598632812 0.0058593750 0.0000343323 0.0000002012 0.0000000012 1.8231827112 798 888 90927
0.8603515625 0.0058593750 0.0000343323 0.0000002012 0.0000000012 1.8172888016 13 888 90927
0.8608398438 0.0058593750 0.0000343323 0.0000002012 0.0000000012 1.8133595285 536 635 91393
0.8613281250 0.0058593750 0.0000343323 0.0000002012 0.0000000012 1.8055009823 536 823 91393
0.8618164062 0.0058593750 0.0000343323 0.0000002012 0.0000000012 1.8035363458 35 465 91556
0.8623046875 0.0058593750 0.0000343323 0.0000002012 0.0000000012 1.7976424361 35 152 91556
0.8627929688 0.0058593750 0.0000343323 0.0000002012 0.0000000012 1.7937131631 152 184 91556
0.8632812500 0.0058593750 0.0000343323 0.0000002012 0.0000000012 1.7917485265 283 786 91670
0.8637695312 0.0058593750 0.0000343323 0.0000002012 0.0000000012 1.7878192534 214 515 92140
0.8642578125 0.0058593750 0.0000343323 0.0000002012 0.0000000012 1.7858546169 399 847 96959
0.8647460938 0.0058593750 0.0000343323 0.0000002012 0.0000000012 1.7838899804 390 528 97694
0.8652343750 0.0058593750 0.0000343323 0.0000002012 0.0000000012 1.7799607073 293 390 97694
0.8657226562 0.0058593750 0.0000343323 0.0000002012 0.0000000012 1.7779960707 569 713 98332
0.8662109375 0.0058593750 0.0000343323 0.0000002012 0.0000000012 1.7740667976 803 857 101418
0.8666992188 0.0058593750 0.0000343323 0.0000002012 0.0000000012 1.7701375246 570 800 104633
0.8671875000 0.0058593750 0.0000343323 0.0000002012 0.0000000012 1.7642436149 108 800 104633
0.8676757812 0.0058593750 0.0000343323 0.0000002012 0.0000000012 1.7603143418 111 887 108077
0.8681640625 0.0058593750 0.0000343323 0.0000002012 0.0000000012 1.7563850688 111 699 108077
0.8686523438 0.0058593750 0.0000343323 0.0000002012 0.0000000012 1.7544204322 42 519 110153
0.8691406250 0.0058593750 0.0000343323 0.0000002012 0.0000000012 1.7524557957 547 945 110162
0.8696289062 0.0058593750 0.0000343323 0.0000002012 0.0000000012 1.7445972495 358 547 110162
0.8701171875 0.0058593750 0.0000343323 0.0000002012 0.0000000012 1.7387033399 340 358 110162
0.8706054688 0.0058593750 0.0000343323 0.0000002012 0.0000000012 1.7347740668 4 340 110162
0.8710937500 0.0058593750 0.0000343323 0.0000002012 0.0000000012 1.7328094303 106 530 114684
0.8715820312 0.0058593750 0.0000343323 0.0000002012 0.0000000012 1.7269155206 218 605 114860
0.8720703125 0.0058593750 0.0000343323 0.0000002012 0.0000000012 1.7249508841 24 205 115821
0.8725585938 0.0058593750 0.0000343323 0.0000002012 0.0000000012 1.7229862475 177 705 115940
0.8730468750 0.0058593750 0.0000343323 0.0000002012 0.0000000012 1.7190569745 475 932 116025
0.8735351562 0.0058593750 0.0000343323 0.0000002012 0.0000000012 1.7111984283 255 627 120389
0.8740234375 0.0058593750 0.0000343323 0.0000002012 0.0000000012 1.7072691552 255 572 120389
0.8745117188 0.0058593750 0.0000343323 0.0000002012 0.0000000012 1.7053045187 105 1014 121550
0.8750000000 0.0048828125 0.0000238419 0.0000001164 0.0000000006 1.7046123651 537 614 121637
0.8754882812 0.0048828125 0.0000238419 0.0000001164 0.0000000006 1.6967615309 551 967 122318
0.8759765625 0.0048828125 0.0000238419 0.0000001164 0.0000000006 1.6849852797 447 551 122318
0.8764648438 0.0048828125 0.0000238419 0.0000001164 0.0000000006 1.6810598626 144 599 123534
0.8769531250 0.0048828125 0.0000238419 0.0000001164 0.0000000006 1.6692836114 144 488 123534
0.8774414062 0.0048828125 0.0000238419 0.0000001164 0.0000000006 1.6673209028 387 918 124045
0.8779296875 0.0048828125 0.0000238419 0.0000001164 0.0000000006 1.6653581943 651 938 130469
0.8784179688 0.0048828125 0.0000238419 0.0000001164 0.0000000006 1.6614327772 651 655 130469
0.8789062500 0.0048828125 0.0000238419 0.0000001164 0.0000000006 1.6594700687 320 639 133680
0.8793945312 0.0048828125 0.0000238419 0.0000001164 0.0000000006 1.6555446516 173 639 133680
0.8798828125 0.0048828125 0.0000238419 0.0000001164 0.0000000006 1.6535819431 16 233 134693
0.8803710938 0.0048828125 0.0000238419 0.0000001164 0.0000000006 1.6496565260 530 726 135294
0.8808593750 0.0048828125 0.0000238419 0.0000001164 0.0000000006 1.6457311089 446 530 135294
0.8813476562 0.0048828125 0.0000238419 0.0000001164 0.0000000006 1.6437684004 48 1006 135339
0.8818359375 0.0048828125 0.0000238419 0.0000001164 0.0000000006 1.6418056919 849 926 140916
0.8823242188 0.0048828125 0.0000238419 0.0000001164 0.0000000006 1.6378802748 120 926 140916
0.8828125000 0.0048828125 0.0000238419 0.0000001164 0.0000000006 1.6359175662 127 484 141564
0.8833007812 0.0048828125 0.0000238419 0.0000001164 0.0000000006 1.6300294406 123 884 142648
0.8837890625 0.0048828125 0.0000238419 0.0000001164 0.0000000006 1.6280667321 886 902 144134
0.8842773438 0.0048828125 0.0000238419 0.0000001164 0.0000000006 1.6261040236 16 434 144274
0.8847656250 0.0048828125 0.0000238419 0.0000001164 0.0000000006 1.6241413150 617 952 144749
0.8852539062 0.0048828125 0.0000238419 0.0000001164 0.0000000006 1.6202158979 559 822 145271
0.8857421875 0.0048828125 0.0000238419 0.0000001164 0.0000000006 1.6162904809 146 559 145271
0.8862304688 0.0048828125 0.0000238419 0.0000001164 0.0000000006 1.6143277723 145 1017 145431
0.8867187500 0.0048828125 0.0000238419 0.0000001164 0.0000000006 1.6123650638 666 773 148360
0.8872070312 0.0048828125 0.0000238419 0.0000001164 0.0000000006 1.6084396467 194 483 149452
0.8876953125 0.0048828125 0.0000238419 0.0000001164 0.0000000006 1.6064769382 360 608 150259
0.8881835938 0.0048828125 0.0000238419 0.0000001164 0.0000000006 1.5986261040 870 995 150955
0.8886718750 0.0048828125 0.0000238419 0.0000001164 0.0000000006 1.5966633955 23 910 151650
0.8891601562 0.0048828125 0.0000238419 0.0000001164 0.0000000006 1.5888125613 23 138 151650
0.8896484375 0.0048828125 0.0000238419 0.0000001164 0.0000000006 1.5829244357 545 743 154138
0.8901367188 0.0048828125 0.0000238419 0.0000001164 0.0000000006 1.5809617272 640 917 157351
0.8906250000 0.0048828125 0.0000238419 0.0000001164 0.0000000006 1.5770363101 489 841 157671
0.8911132812 0.0048828125 0.0000238419 0.0000001164 0.0000000006 1.5652600589 199 489 157671
0.8916015625 0.0048828125 0.0000238419 0.0000001164 0.0000000006 1.5632973503 610 844 160296
0.8920898438 0.0048828125 0.0000238419 0.0000001164 0.0000000006 1.5613346418 307 896 163439
0.8925781250 0.0048828125 0.0000238419 0.0000001164 0.0000000006 1.5593719333 239 756 164715
0.8930664062 0.0048828125 0.0000238419 0.0000001164 0.0000000006 1.5574092247 21 253 167026
0.8935546875 0.0048828125 0.0000238419 0.0000001164 0.0000000006 1.5554465162 646 774 175644
0.8940429688 0.0048828125 0.0000238419 0.0000001164 0.0000000006 1.5515210991 976 1002 177589
0.8945312500 0.0048828125 0.0000238419 0.0000001164 0.0000000006 1.5495583906 32 272 177627
0.8950195312 0.0048828125 0.0000238419 0.0000001164 0.0000000006 1.5475956820 430 1010 178063
0.8955078125 0.0048828125 0.0000238419 0.0000001164 0.0000000006 1.5456329735 17 713 182538
0.8959960938 0.0048828125 0.0000238419 0.0000001164 0.0000000006 1.5436702650 6 313 183122
0.8964843750 0.0048828125 0.0000238419 0.0000001164 0.0000000006 1.5417075564 438 636 184345
0.8969726562 0.0048828125 0.0000238419 0.0000001164 0.0000000006 1.5397448479 899 954 184379
0.8974609375 0.0048828125 0.0000238419 0.0000001164 0.0000000006 1.5377821394 469 937 185011
0.8979492188 0.0048828125 0.0000238419 0.0000001164 0.0000000006 1.5338567223 235 324 190641
0.8984375000 0.0048828125 0.0000238419 0.0000001164 0.0000000006 1.5299313052 943 988 192037
0.8989257812 0.0048828125 0.0000238419 0.0000001164 0.0000000006 1.5279685967 18 900 192049
0.8994140625 0.0048828125 0.0000238419 0.0000001164 0.0000000006 1.5240431796 164 599 194757
0.8999023438 0.0048828125 0.0000238419 0.0000001164 0.0000000006 1.5201177625 164 516 194757
0.9003906250 0.0048828125 0.0000238419 0.0000001164 0.0000000006 1.5181550540 502 1019 196625
0.9008789062 0.0048828125 0.0000238419 0.0000001164 0.0000000006 1.5161923454 76 701 199472
0.9013671875 0.0048828125 0.0000238419 0.0000001164 0.0000000006 1.5122669284 325 544 200737
0.9018554688 0.0048828125 0.0000238419 0.0000001164 0.0000000006 1.5103042198 143 778 203672
0.9023437500 0.0048828125 0.0000238419 0.0000001164 0.0000000006 1.4985279686 778 817 203672
0.9028320312 0.0048828125 0.0000238419 0.0000001164 0.0000000006 1.4965652601 837 859 205828
0.9033203125 0.0048828125 0.0000238419 0.0000001164 0.0000000006 1.4926398430 608 788 213990
0.9038085938 0.0048828125 0.0000238419 0.0000001164 0.0000000006 1.4906771344 350 739 215180
0.9042968750 0.0048828125 0.0000238419 0.0000001164 0.0000000006 1.4887144259 729 942 216539
0.9047851562 0.0048828125 0.0000238419 0.0000001164 0.0000000006 1.4867517174 237 593 220235
0.9052734375 0.0048828125 0.0000238419 0.0000001164 0.0000000006 1.4828263003 204 593 220235
0.9057617188 0.0048828125 0.0000238419 0.0000001164 0.0000000006 1.4808635918 342 1020 220397
0.9062500000 0.0048828125 0.0000238419 0.0000001164 0.0000000006 1.4789008832 309 815 220875
0.9067382812 0.0048828125 0.0000238419 0.0000001164 0.0000000006 1.4710500491 298 818 221520
0.9072265625 0.0048828125 0.0000238419 0.0000001164 0.0000000006 1.4651619235 779 880 222670
0.9077148438 0.0048828125 0.0000238419 0.0000001164 0.0000000006 1.4573110893 113 181 225387
0.9082031250 0.0048828125 0.0000238419 0.0000001164 0.0000000006 1.4553483808 614 736 226786
0.9086914062 0.0048828125 0.0000238419 0.0000001164 0.0000000006 1.4494602552 150 258 227110
0.9091796875 0.0048828125 0.0000238419 0.0000001164 0.0000000006 1.4416094210 131 258 227110
0.9096679688 0.0048828125 0.0000238419 0.0000001164 0.0000000006 1.4396467125 286 626 227771
0.9101562500 0.0048828125 0.0000238419 0.0000001164 0.0000000006 1.4357212954 249 950 228472
0.9106445312 0.0048828125 0.0000238419 0.0000001164 0.0000000006 1.4337585868 20 79 231601
0.9111328125 0.0048828125 0.0000238419 0.0000001164 0.0000000006 1.4317958783 143 620 237292
0.9116210938 0.0048828125 0.0000238419 0.0000001164 0.0000000006 1.4278704612 67 143 237292
0.9121093750 0.0048828125 0.0000238419 0.0000001164 0.0000000006 1.4259077527 800 980 237708
0.9125976562 0.0048828125 0.0000238419 0.0000001164 0.0000000006 1.4239450442 452 947 240265
0.9130859375 0.0048828125 0.0000238419 0.0000001164 0.0000000006 1.4219823356 425 965 240380
0.9135742188 0.0048828125 0.0000238419 0.0000001164 0.0000000006 1.4102060844 19 965 240380
0.9140625000 0.0048828125 0.0000238419 0.0000001164 0.0000000006 1.4082433759 71 427 242886
0.9145507812 0.0048828125 0.0000238419 0.0000001164 0.0000000006 1.4043179588 71 92 242886
0.9150390625 0.0048828125 0.0000238419 0.0000001164 0.0000000006 1.4023552502 375 897 246492
0.9155273438 0.0048828125 0.0000238419 0.0000001164 0.0000000006 1.4003925417 549 630 247138
0.9160156250 0.0048828125 0.0000238419 0.0000001164 0.0000000006 1.3964671246 247 721 249578
0.9165039062 0.0048828125 0.0000238419 0.0000001164 0.0000000006 1.3945044161 333 907 255439
0.9169921875 0.0048828125 0.0000238419 0.0000001164 0.0000000006 1.3905789990 525 770 256382
0.9174804688 0.0048828125 0.0000238419 0.0000001164 0.0000000006 1.3866535819 352 911 264415
0.9179687500 0.0048828125 0.0000238419 0.0000001164 0.0000000006 1.3846908734 265 966 268163
0.9184570312 0.0048828125 0.0000238419 0.0000001164 0.0000000006 1.3807654563 391 631 272497
0.9189453125 0.0048828125 0.0000238419 0.0000001164 0.0000000006 1.3768400393 252 631 272497
0.9194335938 0.0048828125 0.0000238419 0.0000001164 0.0000000006 1.3748773307 89 708 275092
0.9199218750 0.0048828125 0.0000238419 0.0000001164 0.0000000006 1.3709519136 156 315 276524
0.9204101562 0.0048828125 0.0000238419 0.0000001164 0.0000000006 1.3631010795 156 725 276524
0.9208984375 0.0048828125 0.0000238419 0.0000001164 0.0000000006 1.3611383710 151 666 279536
0.9213867188 0.0048828125 0.0000238419 0.0000001164 0.0000000006 1.3591756624 736 836 282436
0.9218750000 0.0048828125 0.0000238419 0.0000001164 0.0000000006 1.3552502453 347 642 284048
0.9223632812 0.0048828125 0.0000238419 0.0000001164 0.0000000006 1.3532875368 46 394 289211
0.9228515625 0.0048828125 0.0000238419 0.0000001164 0.0000000006 1.3493621197 382 686 289895
0.9233398438 0.0048828125 0.0000238419 0.0000001164 0.0000000006 1.3473994112 91 677 292558
0.9238281250 0.0048828125 0.0000238419 0.0000001164 0.0000000006 1.3454367026 150 160 293880
0.9243164062 0.0048828125 0.0000238419 0.0000001164 0.0000000006 1.3434739941 134 997 301972
0.9248046875 0.0048828125 0.0000238419 0.0000001164 0.0000000006 1.3415112856 193 363 306994
0.9252929688 0.0048828125 0.0000238419 0.0000001164 0.0000000006 1.3395485770 649 874 309410
0.9257812500 0.0048828125 0.0000238419 0.0000001164 0.0000000006 1.3356231600 524 649 309410
0.9262695312 0.0048828125 0.0000238419 0.0000001164 0.0000000006 1.3336604514 34 683 313926
0.9267578125 0.0048828125 0.0000238419 0.0000001164 0.0000000006 1.3297350343 29 913 317569
0.9272460938 0.0048828125 0.0000238419 0.0000001164 0.0000000006 1.3277723258 310 525 325254
0.9277343750 0.0048828125 0.0000238419 0.0000001164 0.0000000006 1.3258096173 509 683 328053
0.9282226562 0.0048828125 0.0000238419 0.0000001164 0.0000000006 1.3238469087 100 436 328102
0.9287109375 0.0039062500 0.0000152588 0.0000000596 0.0000000002 1.3196078431 100 999 328102
0.9291992188 0.0039062500 0.0000152588 0.0000000596 0.0000000002 1.3156862745 322 999 328102
0.9296875000 0.0039062500 0.0000152588 0.0000000596 0.0000000002 1.3137254902 244 462 331103
0.9301757812 0.0039062500 0.0000152588 0.0000000596 0.0000000002 1.3117647059 421 804 339332
0.9306640625 0.0039062500 0.0000152588 0.0000000596 0.0000000002 1.3098039216 137 234 341375
0.9311523438 0.0039062500 0.0000152588 0.0000000596 0.0000000002 1.3058823529 95 283 345077
0.9316406250 0.0039062500 0.0000152588 0.0000000596 0.0000000002 1.3039215686 175 571 348284
0.9321289062 0.0039062500 0.0000152588 0.0000000596 0.0000000002 1.3019607843 23 62 352346
0.9326171875 0.0039062500 0.0000152588 0.0000000596 0.0000000002 1.2980392157 101 411 353325
0.9331054688 0.0029296875 0.0000085831 0.0000000251 0.0000000001 1.2957884427 411 759 353325
0.9335937500 0.0029296875 0.0000085831 0.0000000251 0.0000000001 1.2938295788 75 881 356726
0.9340820312 0.0029296875 0.0000085831 0.0000000251 0.0000000001 1.2918707150 535 719 363518
0.9345703125 0.0029296875 0.0000085831 0.0000000251 0.0000000001 1.2899118511 229 752 380892
0.9350585938 0.0029296875 0.0000085831 0.0000000251 0.0000000001 1.2879529873 787 966 388004
0.9355468750 0.0029296875 0.0000085831 0.0000000251 0.0000000001 1.2859941234 200 217 388761
0.9360351562 0.0029296875 0.0000085831 0.0000000251 0.0000000001 1.2840352595 417 668 389376
0.9365234375 0.0029296875 0.0000085831 0.0000000251 0.0000000001 1.2820763957 125 541 392737
0.9370117188 0.0029296875 0.0000085831 0.0000000251 0.0000000001 1.2801175318 141 596 399147
0.9375000000 0.0029296875 0.0000085831 0.0000000251 0.0000000001 1.2761998041 141 459 399147
0.9379882812 0.0029296875 0.0000085831 0.0000000251 0.0000000001 1.2742409403 221 979 401724
0.9384765625 0.0029296875 0.0000085831 0.0000000251 0.0000000001 1.2722820764 269 824 403324
0.9389648438 0.0029296875 0.0000085831 0.0000000251 0.0000000001 1.2703232125 349 912 403861
0.9394531250 0.0029296875 0.0000085831 0.0000000251 0.0000000001 1.2664054848 349 764 403861
0.9399414062 0.0029296875 0.0000085831 0.0000000251 0.0000000001 1.2644466210 600 698 406169
0.9404296875 0.0029296875 0.0000085831 0.0000000251 0.0000000001 1.2624877571 139 598 408500
0.9409179688 0.0029296875 0.0000085831 0.0000000251 0.0000000001 1.2585700294 15 499 414519
0.9414062500 0.0029296875 0.0000085831 0.0000000251 0.0000000001 1.2566111655 54 946 417671
0.9418945312 0.0029296875 0.0000085831 0.0000000251 0.0000000001 1.2526934378 37 89 417845
0.9423828125 0.0029296875 0.0000085831 0.0000000251 0.0000000001 1.2507345739 626 818 422719
0.9428710938 0.0029296875 0.0000085831 0.0000000251 0.0000000001 1.2487757101 84 386 423681
0.9433593750 0.0029296875 0.0000085831 0.0000000251 0.0000000001 1.2468168462 287 589 429897
0.9438476562 0.0029296875 0.0000085831 0.0000000251 0.0000000001 1.2448579824 629 891 430626
0.9443359375 0.0029296875 0.0000085831 0.0000000251 0.0000000001 1.2428991185 335 420 430872
0.9448242188 0.0029296875 0.0000085831 0.0000000251 0.0000000001 1.2409402547 177 780 433802
0.9453125000 0.0029296875 0.0000085831 0.0000000251 0.0000000001 1.2389813908 531 785 434327
0.9458007812 0.0029296875 0.0000085831 0.0000000251 0.0000000001 1.2370225269 140 832 435394
0.9462890625 0.0029296875 0.0000085831 0.0000000251 0.0000000001 1.2350636631 715 963 438143
0.9467773438 0.0029296875 0.0000085831 0.0000000251 0.0000000001 1.2331047992 149 821 438294
0.9472656250 0.0029296875 0.0000085831 0.0000000251 0.0000000001 1.2291870715 60 149 438294
0.9477539062 0.0029296875 0.0000085831 0.0000000251 0.0000000001 1.2272282076 337 621 438822
0.9482421875 0.0029296875 0.0000085831 0.0000000251 0.0000000001 1.2252693438 538 779 439461
0.9487304688 0.0029296875 0.0000085831 0.0000000251 0.0000000001 1.2233104799 93 560 447878
0.9492187500 0.0029296875 0.0000085831 0.0000000251 0.0000000001 1.2213516161 819 903 449969
0.9497070312 0.0029296875 0.0000085831 0.0000000251 0.0000000001 1.2193927522 661 846 453459
0.9501953125 0.0029296875 0.0000085831 0.0000000251 0.0000000001 1.2154750245 248 661 453459
0.9506835938 0.0029296875 0.0000085831 0.0000000251 0.0000000001 1.2135161606 461 914 456138
0.9511718750 0.0029296875 0.0000085831 0.0000000251 0.0000000001 1.2115572968 402 949 462024
0.9516601562 0.0029296875 0.0000085831 0.0000000251 0.0000000001 1.2095984329 18 183 467853
0.9521484375 0.0029296875 0.0000085831 0.0000000251 0.0000000001 1.2076395690 371 401 473803
0.9526367188 0.0029296875 0.0000085831 0.0000000251 0.0000000001 1.2056807052 635 684 474304
0.9531250000 0.0029296875 0.0000085831 0.0000000251 0.0000000001 1.2037218413 372 672 475305
0.9536132812 0.0029296875 0.0000085831 0.0000000251 0.0000000001 1.1998041136 672 994 476532
0.9541015625 0.0029296875 0.0000085831 0.0000000251 0.0000000001 1.1978452498 25 1003 478349
0.9545898438 0.0029296875 0.0000085831 0.0000000251 0.0000000001 1.1958863859 8 692 485690
0.9550781250 0.0029296875 0.0000085831 0.0000000251 0.0000000001 1.1939275220 161 380 503605
0.9555664062 0.0029296875 0.0000085831 0.0000000251 0.0000000001 1.1900097943 404 645 514539
0.9560546875 0.0029296875 0.0000085831 0.0000000251 0.0000000001 1.1880509305 212 901 521991
0.9565429688 0.0029296875 0.0000085831 0.0000000251 0.0000000001 1.1841332027 212 370 521991
0.9570312500 0.0029296875 0.0000085831 0.0000000251 0.0000000001 1.1821743389 226 652 523474
0.9575195312 0.0029296875 0.0000085831 0.0000000251 0.0000000001 1.1802154750 137 665 524790
0.9580078125 0.0029296875 0.0000085831 0.0000000251 0.0000000001 1.1782566112 326 826 526836
0.9584960938 0.0029296875 0.0000085831 0.0000000251 0.0000000001 1.1762977473 142 680 526946
0.9589843750 0.0029296875 0.0000085831 0.0000000251 0.0000000001 1.1743388834 811 907 533405
0.9594726562 0.0029296875 0.0000085831 0.0000000251 0.0000000001 1.1723800196 873 928 539649
0.9599609375 0.0029296875 0.0000085831 0.0000000251 0.0000000001 1.1704211557 431 978 557142
0.9604492188 0.0029296875 0.0000085831 0.0000000251 0.0000000001 1.1665034280 254 675 565618
0.9609375000 0.0029296875 0.0000085831 0.0000000251 0.0000000001 1.1645445642 1 578 568897
0.9614257812 0.0029296875 0.0000085831 0.0000000251 0.0000000001 1.1625857003 45 617 570824
0.9619140625 0.0029296875 0.0000085831 0.0000000251 0.0000000001 1.1606268364 801 986 571786
0.9624023438 0.0029296875 0.0000085831 0.0000000251 0.0000000001 1.1586679726 585 664 572911
0.9628906250 0.0029296875 0.0000085831 0.0000000251 0.0000000001 1.1567091087 795 937 573138
0.9633789062 0.0029296875 0.0000085831 0.0000000251 0.0000000001 1.1547502449 425 554 576464
0.9638671875 0.0029296875 0.0000085831 0.0000000251 0.0000000001 1.1508325171 383 687 582967
0.9643554688 0.0029296875 0.0000085831 0.0000000251 0.0000000001 1.1488736533 425 958 587844
0.9648437500 0.0029296875 0.0000085831 0.0000000251 0.0000000001 1.1469147894 66 68 598992
0.9653320312 0.0029296875 0.0000085831 0.0000000251 0.0000000001 1.1449559256 261 1021 599900
0.9658203125 0.0029296875 0.0000085831 0.0000000251 0.0000000001 1.1429970617 274 603 611348
0.9663085938 0.0029296875 0.0000085831 0.0000000251 0.0000000001 1.1390793340 339 854 638537
0.9667968750 0.0029296875 0.0000085831 0.0000000251 0.0000000001 1.1371204701 351 443 641320
0.9672851562 0.0029296875 0.0000085831 0.0000000251 0.0000000001 1.1351616063 478 479 645100
0.9677734375 0.0029296875 0.0000085831 0.0000000251 0.0000000001 1.1332027424 597 969 645248
0.9682617188 0.0029296875 0.0000085831 0.0000000251 0.0000000001 1.1312438786 158 288 648621
0.9687500000 0.0029296875 0.0000085831 0.0000000251 0.0000000001 1.1292850147 116 251 667130
0.9692382812 0.0029296875 0.0000085831 0.0000000251 0.0000000001 1.1253672870 618 640 676786
0.9697265625 0.0029296875 0.0000085831 0.0000000251 0.0000000001 1.1234084231 317 990 683008
0.9702148438 0.0029296875 0.0000085831 0.0000000251 0.0000000001 1.1214495593 481 920 685245
0.9707031250 0.0029296875 0.0000085831 0.0000000251 0.0000000001 1.1194906954 841 946 694639
0.9711914062 0.0029296875 0.0000085831 0.0000000251 0.0000000001 1.1175318315 676 859 711441
0.9716796875 0.0029296875 0.0000085831 0.0000000251 0.0000000001 1.1155729677 603 889 730274
0.9721679688 0.0029296875 0.0000085831 0.0000000251 0.0000000001 1.1136141038 23 956 732471
0.9726562500 0.0029296875 0.0000085831 0.0000000251 0.0000000001 1.1116552400 58 263 746039
0.9731445312 0.0029296875 0.0000085831 0.0000000251 0.0000000001 1.1096963761 694 775 748138
0.9736328125 0.0029296875 0.0000085831 0.0000000251 0.0000000001 1.1057786484 362 694 748138
0.9741210938 0.0029296875 0.0000085831 0.0000000251 0.0000000001 1.1038197845 591 815 748892
0.9746093750 0.0029296875 0.0000085831 0.0000000251 0.0000000001 1.1018609207 630 1011 756898
0.9750976562 0.0029296875 0.0000085831 0.0000000251 0.0000000001 1.0999020568 857 970 776769
0.9755859375 0.0029296875 0.0000085831 0.0000000251 0.0000000001 1.0979431929 742 763 779768
0.9760742188 0.0029296875 0.0000085831 0.0000000251 0.0000000001 1.0959843291 331 888 782389
0.9765625000 0.0029296875 0.0000085831 0.0000000251 0.0000000001 1.0940254652 154 448 794225
0.9770507812 0.0029296875 0.0000085831 0.0000000251 0.0000000001 1.0920666014 490 991 798515
0.9775390625 0.0029296875 0.0000085831 0.0000000251 0.0000000001 1.0901077375 271 782 801559
0.9780273438 0.0029296875 0.0000085831 0.0000000251 0.0000000001 1.0881488737 26 65 817765
0.9785156250 0.0029296875 0.0000085831 0.0000000251 0.0000000001 1.0861900098 82 868 827039
0.9790039062 0.0029296875 0.0000085831 0.0000000251 0.0000000001 1.0842311459 49 296 845604
0.9794921875 0.0029296875 0.0000085831 0.0000000251 0.0000000001 1.0822722821 114 277 847294
0.9799804688 0.0029296875 0.0000085831 0.0000000251 0.0000000001 1.0803134182 210 266 851518
0.9804687500 0.0029296875 0.0000085831 0.0000000251 0.0000000001 1.0783545544 46 242 852444
0.9809570312 0.0029296875 0.0000085831 0.0000000251 0.0000000001 1.0763956905 246 504 853669
0.9814453125 0.0029296875 0.0000085831 0.0000000251 0.0000000001 1.0724779628 161 520 868774
0.9819335938 0.0029296875 0.0000085831 0.0000000251 0.0000000001 1.0705190989 235 484 879491
0.9824218750 0.0029296875 0.0000085831 0.0000000251 0.0000000001 1.0685602351 643 724 882329
0.9829101562 0.0029296875 0.0000085831 0.0000000251 0.0000000001 1.0666013712 360 932 883111
0.9833984375 0.0029296875 0.0000085831 0.0000000251 0.0000000001 1.0646425073 209 706 921233
0.9838867188 0.0019531250 0.0000038147 0.0000000075 0.0000000000 1.0645792564 182 706 921233
0.9843750000 0.0019531250 0.0000038147 0.0000000075 0.0000000000 1.0626223092 128 894 944406
0.9848632812 0.0019531250 0.0000038147 0.0000000075 0.0000000000 1.0606653620 924 944 954032
0.9853515625 0.0019531250 0.0000038147 0.0000000075 0.0000000000 1.0587084149 584 761 954246
0.9858398438 0.0019531250 0.0000038147 0.0000000075 0.0000000000 1.0567514677 72 522 955013
0.9863281250 0.0019531250 0.0000038147 0.0000000075 0.0000000000 1.0547945205 240 1009 974703
0.9868164062 0.0019531250 0.0000038147 0.0000000075 0.0000000000 1.0528375734 646 842 976503
0.9873046875 0.0019531250 0.0000038147 0.0000000075 0.0000000000 1.0508806262 736 737 1019324
0.9877929688 0.0019531250 0.0000038147 0.0000000075 0.0000000000 1.0489236791 601 670 1028047
0.9882812500 0.0019531250 0.0000038147 0.0000000075 0.0000000000 1.0469667319 112 534 1033173
0.9887695312 0.0019531250 0.0000038147 0.0000000075 0.0000000000 1.0450097847 133 845 1053474
0.9892578125 0.0019531250 0.0000038147 0.0000000075 0.0000000000 1.0430528376 444 840 1073993
0.9897460938 0.0019531250 0.0000038147 0.0000000075 0.0000000000 1.0410958904 207 557 1088128
0.9902343750 0.0019531250 0.0000038147 0.0000000075 0.0000000000 1.0391389432 101 996 1095084
0.9907226562 0.0019531250 0.0000038147 0.0000000075 0.0000000000 1.0371819961 880 984 1095547
0.9912109375 0.0019531250 0.0000038147 0.0000000075 0.0000000000 1.0352250489 551 776 1114321
0.9916992188 0.0019531250 0.0000038147 0.0000000075 0.0000000000 1.0332681018 251 533 1128839
0.9921875000 0.0019531250 0.0000038147 0.0000000075 0.0000000000 1.0313111546 504 765 1196738
0.9926757812 0.0019531250 0.0000038147 0.0000000075 0.0000000000 1.0293542074 315 808 1215092
0.9931640625 0.0019531250 0.0000038147 0.0000000075 0.0000000000 1.0273972603 122 345 1227485
0.9936523438 0.0019531250 0.0000038147 0.0000000075 0.0000000000 1.0254403131 105 436 1314060
0.9941406250 0.0019531250 0.0000038147 0.0000000075 0.0000000000 1.0234833659 52 454 1328409
0.9946289062 0.0019531250 0.0000038147 0.0000000075 0.0000000000 1.0215264188 147 598 1395250
0.9951171875 0.0019531250 0.0000038147 0.0000000075 0.0000000000 1.0195694716 396 814 1431768
0.9956054688 0.0019531250 0.0000038147 0.0000000075 0.0000000000 1.0176125245 191 1013 1502964
0.9960937500 0.0019531250 0.0000038147 0.0000000075 0.0000000000 1.0156555773 136 309 1576574
0.9965820312 0.0019531250 0.0000038147 0.0000000075 0.0000000000 1.0136986301 633 863 1709907
0.9970703125 0.0019531250 0.0000038147 0.0000000075 0.0000000000 1.0117416830 521 967 1785460
0.9975585938 0.0019531250 0.0000038147 0.0000000075 0.0000000000 1.0097847358 577 876 1886280
0.9980468750 0.0019531250 0.0000038147 0.0000000075 0.0000000000 1.0078277886 76 486 1941637
0.9985351562 0.0019531250 0.0000038147 0.0000000075 0.0000000000 1.0058708415 103 431 2301269
0.9990234375 0.0019531250 0.0000038147 0.0000000075 0.0000000000 1.0039138943 50 656 2796151
0.9995117188 0.0019531250 0.0000038147 0.0000000075 0.0000000000 1.0019569472 607 731 2814214
1.0000000000 0.0019531250 0.0000038147 0.0000000075 0.0000000000 1.0000000000 211 280 4117732
